110
Litorilinea_aerophila                                                       0.0000000 0.8492764 1.0615977 1.0071958 0.8819029 1.0896395 0.9701690 0.8622325 0.8810529 0.9822592 0.9384608 1.0014269 1.1098888 1.1816557 1.1579333 0.9026227 1.1686056 1.2848876 1.3104117 1.1933092 1.3039194 1.3431096 1.2620225 1.1642719 1.3533181 1.1974739 1.2802788 1.2399649 1.2169975 1.2490704 1.4546501 1.4293749 0.9292870 1.3891142 1.1385382 1.5017059 1.4218598 1.4641310 1.4865292 1.2804079 1.6871840 1.6284294 1.7780132 1.5037851 1.4989061 1.1600688 1.1425075 1.2472801 1.2640602 1.2640602 1.3506810 1.3506810 1.2804929 1.8690239 1.6843586 0.9282769 1.2105808 1.2411051 1.0964287 1.1158009 1.1158009 1.2180025 1.1609010 1.1304557 1.1500171 1.1136728 1.1500171 1.1500171 1.0782640 1.1226867 1.3581912 1.0350576 1.1819786 1.2803614 1.2534992 1.7575756 1.7575756 1.2036858 1.1154942 1.8400031 1.5533465 1.9113888 1.8289771 1.2050487 1.5312241 1.2540869 2.0342031 2.0827602 1.1092111 2.0585986 3.1947843 3.1527531 2.4654972 2.1333326 2.4327001 2.4261578 1.9156564 1.6951008 4.8719443 3.8907723 3.8719074 2.4063509 4.2423948 3.7374427 4.1661646 3.3364372 2.4948699 2.9584791 3.9584768 2.9118244 
Longibacter_salinarum                                                       0.8492764 0.0000000 0.8000113 0.7611789 0.6045099 1.1920862 0.7872900 0.7573854 0.5849682 0.7796491 0.7853652 0.8217565 1.1562760 1.2788050 1.2143020 0.8390903 1.2187786 1.5248724 1.5691180 1.2856115 1.4710201 1.4933566 1.5392265 1.2164766 1.3876990 1.1315844 1.3176955 1.1876922 1.2599941 1.2395977 1.3491983 1.3159924 1.1736202 1.4290996 1.3652817 1.6638573 1.6386561 1.6568855 1.7194864 1.5340302 1.8127389 1.9659347 1.8621983 1.3133385 1.3256214 1.1703906 1.1408343 1.1951822 1.2697395 1.2697395 1.2232691 1.2232691 1.2147305 1.6106761 1.6934911 1.1867157 1.2980586 1.3640193 1.3431382 1.1650114 1.1650114 1.3145125 1.3821424 1.4062873 1.4391680 1.4121174 1.4391680 1.4391680 1.3946856 1.4014622 1.3508544 1.3460024 1.4096981 1.3578932 1.5885095 1.9129115 1.9129115 1.3323002 1.2282227 1.7658655 1.3184759 2.2031936 1.7939933 1.3072451 1.4523331 1.1541775 2.2119705 2.2150156 1.1470675 1.9152979 3.1737017 3.1737017 2.2633113 2.2443079 2.6541642 2.7992783 1.6738696 1.7011401 5.1938533 4.0909025 4.1734480 2.6592541 4.3517277 4.1468631 4.1347606 3.4444550 2.8602681 3.0513813 4.5802030 2.9705554 
Aliifodinibius_halophilus                                                   1.0615977 0.8000113 0.0000000 0.4292820 0.8722214 1.2816386 0.8828759 0.8244009 0.9383955 0.9097150 0.8867088 0.4743954 1.2765423 1.3465259 1.1645882 0.9269957 1.2862569 1.6188894 1.6797779 1.2793058 1.7412708 1.6447716 1.7657067 1.3146003 1.3380870 1.3531201 1.4872956 1.4672471 1.4457356 1.4758138 1.4220456 1.3077297 1.3781200 1.6056114 1.4405639 2.0084821 1.8861358 1.9611132 1.7856742 1.8400213 1.9922207 2.1068821 2.0834737 1.6031056 1.6031056 1.3116083 1.3493942 1.3946427 1.4738742 1.4738742 1.3682655 1.3682655 1.3547574 1.8293412 1.8251597 1.3609104 1.4445634 1.4278749 1.3847500 1.3013422 1.3013422 1.4220017 1.4445825 1.4872202 1.5366794 1.4746831 1.5366794 1.5400696 1.4321864 1.4731100 1.4885494 1.3996411 1.4967023 1.4746306 1.7035880 1.9681301 1.9681301 1.4095383 1.3887688 2.1186214 1.5728975 2.3870669 1.8870721 1.3482022 1.5395444 1.2802715 1.9828834 1.9668039 1.2272239 2.0509064 2.9755496 2.9148647 2.7643907 2.4157683 2.8470111 3.3108465 1.7707093 1.9231634 4.8644619 4.4191683 4.9837722 2.6499855 4.8217802 4.7165013 3.9898752 3.9041841 3.1648683 3.0554223 5.0223629 3.3158811 
Balneolaceae_bacterium_YR4-1                                                1.0071958 0.7611789 0.4292820 0.0000000 0.8930405 1.1965222 0.8558360 0.7285194 0.8279215 0.8364772 0.8633471 0.3974467 1.1639164 1.2920039 1.1099748 0.8672873 1.2634616 1.5307755 1.5956150 1.3601302 1.6518218 1.6314886 1.6145737 1.2507978 1.3056056 1.3081124 1.4290464 1.3992910 1.3770381 1.3960666 1.3451871 1.2712198 1.3610695 1.5526395 1.4284280 1.9521476 1.8150823 1.8716272 1.8134169 1.7822706 1.9686826 2.1166246 2.0506670 1.4982307 1.4982307 1.2363411 1.3150967 1.3473631 1.3547117 1.3547117 1.3176989 1.3176989 1.3063543 1.7235332 1.6868918 1.4112994 1.4048156 1.4246287 1.4276888 1.3043664 1.3043664 1.4023005 1.5259020 1.4344841 1.4725834 1.4374443 1.4725834 1.4728951 1.4052731 1.4169589 1.4349035 1.3736040 1.4734372 1.4424233 1.6331466 1.9161279 1.9161279 1.3499714 1.2638503 1.9654862 1.5714776 2.4227077 1.7361949 1.2597645 1.5027122 1.1999063 2.0227723 2.0043693 1.0910251 1.9805362 2.9345347 2.8536557 2.8080879 2.3208484 2.8379348 3.1268562 1.7074396 1.6275938 4.5331724 4.1952267 4.5532645 2.6701074 4.6254947 4.4583204 3.9207642 3.6861885 3.1803759 2.9633619 5.2332642 3.4152876 
Longimonas_halophila                                                        0.8819029 0.6045099 0.8722214 0.8930405 0.0000000 1.3780691 0.8094879 0.7835756 0.7294551 0.8001194 0.7736572 0.9084065 1.3415689 1.3852003 1.3022778 0.7965833 1.3132004 1.4743568 1.5195073 1.3577192 1.5907803 1.5154388 1.5721339 1.3545152 1.3798821 1.1970596 1.3017440 1.3790073 1.2942324 1.3419748 1.4543203 1.3522471 1.2526250 1.5136386 1.4821066 1.8567351 1.7194967 1.8737513 1.7219747 1.3751596 1.8748722 1.9299149 1.9918299 1.3341225 1.3341225 1.2014630 1.1892091 1.2734510 1.2628189 1.2628189 1.2078063 1.2078063 1.2052009 1.6004737 1.6907217 1.1331655 1.3044256 1.3931238 1.3153294 1.1380522 1.1380522 1.3117687 1.5836091 1.4631596 1.5211116 1.4692750 1.5211116 1.5211116 1.4487896 1.4816484 1.3884985 1.3563463 1.4530848 1.4226778 1.6312421 1.9732076 1.9732076 1.2979575 1.2166242 1.8810957 1.4409910 2.1482067 1.9191128 1.2282134 1.4918433 1.1332154 2.2931275 2.2784306 1.1005611 1.9838422 3.1844917 3.1561772 2.6058996 2.2482374 2.6516065 2.9460622 1.8031332 1.7595352 5.0976337 4.3001044 3.7679730 2.4728752 4.2708450 3.5532250 3.7038506 3.4919089 2.9658725 3.2622071 4.7044951 3.0217405 
Rhodohalobacter_barkolensis                                                 1.0896395 1.1920862 1.2816386 1.1965222 1.3780691 0.0000000 1.2299644 1.2270839 1.2815802 1.2365724 1.2879040 1.2349829 0.3841955 0.6108916 0.5461784 1.3050876 0.6289771 1.6536781 1.6701378 0.7929262 1.7026225 1.6265440 1.7281225 0.6051285 1.4296647 1.3831378 1.5084443 1.4673680 1.5146335 1.5497845 1.4327631 1.4047858 1.3648423 1.7051897 1.6300045 2.0421109 1.9174935 1.9290315 1.9477680 1.7018446 2.1882321 2.1713261 2.1653442 1.7260843 1.7260843 1.4723464 1.5132042 1.5336594 1.6382715 1.6382715 1.5957483 1.5957483 1.5293728 1.8939605 1.9275004 1.4174686 1.5330073 1.4866254 1.4480135 1.4014484 1.4014484 1.5331713 1.7123393 1.6525662 1.7017136 1.6332783 1.7017136 1.7017136 1.5928452 1.6345633 1.5563299 1.5447841 1.5509017 1.5261023 1.7986612 2.0068973 2.0068973 1.4034923 1.4269026 2.0880869 1.6896965 2.4564026 2.0206882 1.5736736 1.7935006 1.3949098 2.2484138 2.2456413 1.4116077 2.1810815 3.3207231 3.2236202 2.6429821 2.1763884 2.8896660 3.5295229 1.6891287 1.9738818 5.3255844 4.3211392 4.4965393 2.8593681 5.7398843 4.4883355 4.8108970 3.9039846 3.5277120 3.2575306 5.3026443 3.1712751 
Rubrivirga_sp._SAORIC476                                                    0.9701690 0.7872900 0.8828759 0.8558360 0.8094879 1.2299644 0.0000000 0.7408532 0.6432444 0.4485932 0.7968686 0.8225086 1.1684542 1.2195351 1.2115450 0.7823791 1.1976625 1.5009237 1.5291402 1.3437919 1.5699175 1.5364382 1.5478736 1.1746014 1.3626251 1.1335442 1.2571388 1.1486029 1.3467308 1.3599060 1.3302354 1.2696390 1.2561972 1.4167859 1.3949515 1.8615575 1.8837864 1.8147867 1.7199747 1.4984218 1.8581614 1.9258746 1.9409202 1.3361627 1.3361627 1.1942907 1.1279317 1.2562567 1.2273038 1.2273038 1.2216903 1.2216903 1.1849259 1.6503073 1.6053661 1.2458176 1.3296696 1.3409351 1.3760444 1.1371604 1.1371604 1.3269525 1.4339238 1.4136419 1.4590900 1.4448358 1.4590900 1.4590900 1.4254720 1.4180625 1.3160663 1.3005045 1.4172838 1.3398584 1.6204495 1.9494315 1.9494315 1.2173516 1.2161348 1.8901716 1.2965667 2.2257874 1.7994282 1.2077592 1.4530692 1.1816622 2.0889872 2.0852314 1.1566748 1.8607802 3.0158395 3.0068418 2.7676471 2.0874769 2.6626399 2.9495922 1.5739107 1.7225584 5.1520029 3.9289060 4.3626265 2.6185358 4.3707784 4.2415584 3.9012490 3.5657250 2.6628321 3.2239821 4.9013456 3.2059891 
Caldilinea_aerophila_strain_DSM_14535_/_JCM_11387_/_NBRC_104270_/_STL-6-O1_ 0.8622325 0.7573854 0.8244009 0.7285194 0.7835756 1.2270839 0.7408532 0.0000000 0.6947219 0.7991114 0.9081380 0.7862108 1.1770344 1.2690856 1.2212133 0.8042170 1.2709968 1.5459467 1.5537527 1.3216407 1.6516814 1.5766938 1.6610923 1.2647823 1.4476367 1.2576549 1.3174118 1.3066439 1.3590989 1.3840245 1.5212850 1.4842962 1.2495116 1.4970202 1.3400040 1.7696150 1.7271559 1.7650441 1.6151803 1.4823294 1.8791552 1.9278005 1.9267132 1.3327256 1.3327256 1.1995767 1.1870157 1.2941906 1.2929231 1.2929231 1.2606259 1.2606259 1.2404871 1.7966933 1.7045440 1.2673566 1.3382453 1.3439516 1.3262394 1.1648834 1.1648834 1.3473512 1.3854810 1.3942769 1.4660373 1.4238862 1.4660373 1.4660373 1.4010898 1.4506795 1.3278347 1.3257879 1.4098277 1.4123755 1.6123421 1.9082579 1.9082579 1.3027171 1.2818032 1.9065097 1.4305540 2.1972433 1.6689125 1.2205695 1.4744722 1.1545794 2.2656761 2.2630245 1.0977185 1.8794872 3.0073808 3.0097521 2.5159866 2.3134004 2.8590332 2.8651449 1.6942044 1.6573007 5.0692360 4.3246437 4.2094882 2.3845270 4.3980469 4.1351048 4.1340528 3.4751161 3.0487051 3.2112674 4.4413455 3.1621589 
Rhodothermaceae_bacterium_RA                                                0.8810529 0.5849682 0.9383955 0.8279215 0.7294551 1.2815802 0.6432444 0.6947219 0.0000000 0.6516388 0.7082608 0.8772750 1.2245370 1.3188361 1.2339802 0.6097245 1.3216077 1.5675235 1.6184376 1.3624792 1.6448333 1.6596256 1.6237679 1.3063264 1.3205985 1.1722154 1.3966277 1.3192562 1.3488663 1.3996019 1.3912203 1.3749079 1.1893091 1.5381411 1.4769698 1.8687981 1.8354389 1.7760214 1.8207970 1.4435534 2.0050713 1.9825327 1.9643688 1.3877396 1.3814168 1.1587560 1.1663640 1.2215705 1.2950712 1.2950712 1.3083481 1.3083481 1.2614327 1.8586595 1.7394140 1.2150661 1.3504891 1.4092619 1.3519095 1.1379730 1.1379730 1.3768013 1.4782094 1.3591063 1.4043519 1.3465734 1.4043519 1.4043519 1.2992997 1.3326802 1.4672735 1.3125941 1.4058076 1.4257883 1.5535790 1.9543056 1.9543056 1.3359703 1.2746832 2.0050442 1.5003328 2.2114896 1.9344826 1.2109359 1.5601538 1.1858675 2.2878395 2.2846513 1.0055102 2.0684154 3.4021756 3.3328408 2.5975559 2.1459195 2.6525473 2.8145133 1.9599072 1.7200041 5.5628316 4.0633276 4.1783102 2.6831241 4.1780141 4.0298516 3.7345552 3.4178085 2.9415691 2.9376872 4.2834961 2.9063333 
Rubricoccus_marinus                                                         0.9822592 0.7796491 0.9097150 0.8364772 0.8001194 1.2365724 0.4485932 0.7991114 0.6516388 0.0000000 0.8228937 0.8693070 1.2389135 1.2209166 1.1716441 0.8080817 1.2193401 1.5647291 1.6317055 1.2714747 1.6566982 1.6177527 1.6040972 1.2126593 1.3758774 1.2030305 1.2884478 1.2759600 1.3561507 1.3414155 1.4067550 1.3797549 1.2920598 1.4562351 1.4129640 1.8307705 1.8201925 1.8101931 1.7644217 1.5316110 1.8655245 1.9623617 1.9123415 1.3450128 1.3450128 1.1783673 1.1760008 1.2638698 1.2429829 1.2429829 1.2992183 1.2992183 1.2600411 1.6332441 1.5994644 1.3511757 1.3128787 1.3049540 1.4058889 1.1823110 1.1823110 1.2973710 1.4088268 1.4373046 1.4675841 1.4552091 1.4675841 1.4675841 1.4362665 1.4454685 1.3503169 1.3323786 1.4083812 1.3547835 1.6284206 1.9872253 1.9872253 1.2625529 1.2488390 1.8696425 1.4082764 2.1812390 1.6260288 1.1663933 1.5570754 1.1003648 2.2362596 2.2317156 1.2336060 1.8393077 2.7960274 2.7875923 2.7647805 2.2413432 2.7562352 3.0573244 1.6572972 1.7020333 5.4239472 4.1223848 4.3825996 2.5200299 4.4872621 4.3686797 4.2981192 3.5235429 2.9408745 3.1172109 4.6929016 2.9454674 
Salinibacter_sp._10B                                                        0.9384608 0.7853652 0.8867088 0.8633471 0.7736572 1.2879040 0.7968686 0.9081380 0.7082608 0.8228937 0.0000000 0.8979193 1.2553184 1.3296619 1.1811516 0.7783496 1.2509852 1.5493860 1.5672159 1.3409772 1.6102343 1.5548210 1.6355177 1.3030382 1.4548984 1.3242406 1.3936559 1.3546651 1.3426709 1.3848247 1.4545110 1.4075766 1.2039118 1.5564056 1.4067134 1.7312833 1.7153564 1.7327287 1.8380933 1.5426757 1.9212732 1.9301508 1.9563943 1.3750969 1.3750969 1.3106336 1.2470800 1.3360911 1.3342896 1.3342896 1.3760248 1.3760248 1.3336282 1.8327967 1.6751252 1.2130316 1.3474763 1.3766603 1.3298085 1.2245783 1.2245783 1.3356093 1.3710616 1.4261056 1.4628889 1.4553426 1.4628889 1.4628889 1.4205313 1.4370187 1.3954202 1.3604290 1.4417560 1.4121165 1.5932080 1.9483043 1.9483043 1.3007756 1.2135727 1.9549634 1.4717797 2.1621503 1.8533702 1.2809606 1.5161546 1.1381783 2.1070058 2.1030748 1.2299816 1.9844407 3.2833432 3.2972420 2.6661110 2.2234903 2.6671367 2.9544923 1.7144977 1.5167265 5.4435496 4.0465751 4.0625019 2.4551254 4.2238376 3.9411754 4.0499974 3.3378987 3.2053927 3.1944821 4.7519004 3.0960016 
Aliifodinibius_roseus                                                       1.0014269 0.8217565 0.4743954 0.3974467 0.9084065 1.2349829 0.8225086 0.7862108 0.8772750 0.8693070 0.8979193 0.0000000 1.2417582 1.2274231 1.1929747 0.9215580 1.2112747 1.6029258 1.7576832 1.3432005 1.8546492 1.7089738 1.8281987 1.2570734 1.2943527 1.2911733 1.4415104 1.3393017 1.2612380 1.4219645 1.4248782 1.2720517 1.2926885 1.7027006 1.4950108 2.0761492 1.9060611 1.8785392 1.9356498 1.7552944 2.0455228 2.0792510 1.9628137 1.5685003 1.5634791 1.3614246 1.4707913 1.4897934 1.6178250 1.6178250 1.5116903 1.5116903 1.4294204 1.8355980 1.8661202 1.3678544 1.2906341 1.4155861 1.4749623 1.3187706 1.3187706 1.2782223 1.6750229 1.4724770 1.4923224 1.4432346 1.4923224 1.5219640 1.4172227 1.4455707 1.5306141 1.3767107 1.4505608 1.4166343 1.6361456 2.0624098 2.0624098 1.3509918 1.1602653 2.0233566 1.7050987 2.4466553 1.8512137 1.2300659 1.6834164 1.2487355 2.0040244 2.0769286 1.0864416 2.1256537 3.1490149 3.0339769 2.9318401 2.4884202 2.6017053 3.3329766 1.9027316 1.8117259 4.6115595 4.4387824 4.3923717 2.7179181 4.8754999 4.2581944 4.0887169 3.6091864 3.1198981 3.0220256 5.1965030 3.1929921 
Rhodohalobacter_mucosus                                                     1.1098888 1.1562760 1.2765423 1.1639164 1.3415689 0.3841955 1.1684542 1.1770344 1.2245370 1.2389135 1.2553184 1.2417582 0.0000000 0.6064727 0.5320580 1.2197849 0.6172792 1.6403918 1.7583828 0.7521481 1.8304662 1.6991866 1.8034096 0.5984236 1.4153271 1.3777978 1.4734177 1.3938860 1.4962869 1.5581791 1.4166735 1.4729632 1.4087495 1.6903174 1.5247701 1.9572051 1.9256918 1.8978165 1.9175378 1.7113678 2.1530882 2.1541435 2.2176932 1.6213511 1.6223368 1.4531737 1.5188451 1.5347296 1.5854414 1.5854414 1.6330220 1.6330220 1.5379400 1.9406236 1.9555834 1.4578436 1.5372132 1.4049671 1.3872786 1.4121954 1.4121954 1.5239889 1.5607094 1.5374479 1.5651828 1.5178464 1.5651828 1.5651828 1.4655136 1.5040292 1.5584333 1.4370203 1.4994730 1.5479405 1.6376657 1.9943152 1.9943152 1.4285642 1.5216118 2.0585213 1.7135189 2.4054052 1.9759424 1.4878588 1.7758338 1.4210950 2.2175753 2.1887084 1.4514894 2.0629405 3.1932326 3.1197081 2.6313601 2.0336607 2.9096675 3.1218837 1.7626257 2.0291924 4.8003674 4.4561869 4.2152075 2.7349560 5.1381345 4.3154817 4.6028431 3.8166501 3.7567584 3.0869490 4.9395268 3.1856670 
Balneola_sp._EhC07                                                          1.1816557 1.2788050 1.3465259 1.2920039 1.3852003 0.6108916 1.2195351 1.2690856 1.3188361 1.2209166 1.3296619 1.2274231 0.6064727 0.0000000 0.7037129 1.2698285 0.3728490 1.7472228 1.7680206 0.7801778 1.7275291 1.7295355 1.7657766 0.2466669 1.4733582 1.3664893 1.4467641 1.4161964 1.5087670 1.5260973 1.5290273 1.5192619 1.4503939 1.7933152 1.7054463 1.9999864 1.8744608 1.9157859 1.8800417 1.6589556 2.1461579 2.2029598 2.1661606 1.6776751 1.6776751 1.4436357 1.5124745 1.5816811 1.5899719 1.5899719 1.5295562 1.5295562 1.4634208 1.9290879 1.8049701 1.3610552 1.5036218 1.4575408 1.5805481 1.3965937 1.3965937 1.4869685 1.7287010 1.6948172 1.7194878 1.6538378 1.7194878 1.7194878 1.6040470 1.6404428 1.5116639 1.5829074 1.5295155 1.5977111 1.8145320 2.0006077 2.0006077 1.4624718 1.4477239 2.1749979 1.7153923 2.5721826 1.9860896 1.5043935 1.7877519 1.5532142 2.1891416 2.1567754 1.2899126 2.2175814 3.3797061 3.2540145 2.8843652 2.2063912 2.7493991 3.3750745 1.8534730 1.5355761 4.7040683 4.6721616 4.2934924 2.8556078 5.6151016 4.3489259 4.4639814 3.8194476 3.3245998 3.3120547 5.1978174 3.2097812 
Rhodohalobacter_sp._SW132                                                   1.1579333 1.2143020 1.1645882 1.1099748 1.3022778 0.5461784 1.2115450 1.2212133 1.2339802 1.1716441 1.1811516 1.1929747 0.5320580 0.7037129 0.0000000 1.1864172 0.6756523 1.7259702 1.7145339 0.8196532 1.7442188 1.7206118 1.7267795 0.6903477 1.3896001 1.3333426 1.4341081 1.3781199 1.4831091 1.4433456 1.4354139 1.4223621 1.4148501 1.5726911 1.5656102 2.0114904 1.9343019 1.9223448 1.9014591 1.8040898 2.1309604 2.1027659 2.1453051 1.6989706 1.6989706 1.4015655 1.4506275 1.4651653 1.5118134 1.5118134 1.5135634 1.5135634 1.4880707 1.8958569 1.8474359 1.3465151 1.4551745 1.3195755 1.4520015 1.3799612 1.3799612 1.4447561 1.5708005 1.5083511 1.5230245 1.4521181 1.5230245 1.5230245 1.4090188 1.4596534 1.6159266 1.3823059 1.5295418 1.4088186 1.6746424 2.0644602 2.0644602 1.3400218 1.3985085 2.0122811 1.6072104 2.4251543 1.9068834 1.4714787 1.7296615 1.3853406 2.2716673 2.2172561 1.3928562 2.1040817 3.4226777 3.2297470 2.6185903 2.0695349 2.8292870 3.2664275 1.8823710 1.9047294 4.9021652 4.7007133 4.2466812 2.7513113 5.5452932 4.0169128 4.2481615 3.8995186 3.3768115 2.9463336 5.2418590 3.0089826 
bacterium_HR18                                                              0.9026227 0.8390903 0.9269957 0.8672873 0.7965833 1.3050876 0.7823791 0.8042170 0.6097245 0.8080817 0.7783496 0.9215580 1.2197849 1.2698285 1.1864172 0.0000000 1.2161397 1.5094193 1.5525015 1.3399208 1.5823135 1.5467898 1.5451754 1.2879234 1.3039605 1.2565451 1.3501105 1.3599575 1.3937449 1.4710760 1.4172273 1.3692019 1.2176113 1.5482469 1.4760678 1.8195677 1.8945283 1.8019782 1.7862828 1.4890945 1.8639628 1.8666495 1.7830463 1.4532106 1.4682849 1.1815690 1.1620220 1.2246615 1.2808744 1.2808744 1.3293549 1.3293549 1.2644939 1.7978727 1.6396556 1.2912856 1.4013425 1.4019681 1.3439786 1.1324045 1.1324045 1.3999062 1.5121372 1.3588655 1.3849805 1.3740528 1.3849805 1.3849805 1.3437059 1.3857427 1.4451362 1.3055832 1.3799825 1.4470905 1.5302040 1.8796142 1.8796142 1.3247931 1.2887384 1.9680470 1.4046199 2.1420263 1.7719141 1.3082373 1.4576894 1.1687045 2.1007096 2.1397234 1.2459287 1.9394353 3.0474161 3.0118032 2.7390735 2.2390851 2.7096897 2.8499026 1.9006810 1.5069401 4.9480025 4.1166683 4.2405867 2.5804257 4.5173851 4.3302813 4.1428385 3.4240327 3.1181962 2.9518102 4.5507793 3.0314270 
Gracilimonas_mengyeensis                                                    1.1686056 1.2187786 1.2862569 1.2634616 1.3132004 0.6289771 1.1976625 1.2709968 1.3216077 1.2193401 1.2509852 1.2112747 0.6172792 0.3728490 0.6756523 1.2161397 0.0000000 1.7792269 1.7691555 0.8523789 1.7642010 1.7397252 1.7994640 0.3659102 1.3384850 1.3330716 1.4838893 1.4336567 1.5032864 1.5186197 1.4909170 1.3802172 1.3255342 1.7688565 1.5759719 1.9614865 1.8563487 1.8845139 1.9348203 1.7558046 2.1371115 2.1671048 2.1686072 1.6116975 1.6116975 1.4597201 1.4788869 1.4947232 1.5297006 1.5297006 1.5142883 1.5142883 1.4354837 1.8450958 1.7716463 1.3470561 1.5192736 1.4785236 1.4590069 1.4182235 1.4182235 1.5188731 1.5505004 1.5611163 1.5996523 1.5611442 1.5996523 1.5996523 1.5027050 1.5389696 1.5393029 1.4393736 1.4148861 1.5113358 1.6581914 1.9585015 1.9585015 1.3929534 1.4051659 2.1601517 1.8354601 2.3072820 2.0436436 1.4381142 1.9028910 1.4518063 2.1455718 2.1293350 1.2022824 2.2542605 3.1508766 3.0741796 2.8607153 2.2317529 2.8456366 3.3357412 1.8846461 1.7451012 5.3201632 4.5917259 4.4562803 2.7146541 5.7419164 4.3771860 4.3500176 3.7626447 3.3229649 3.2632918 5.3672941 3.1947309 
Dictyostelium_purpureum                                                     1.2848876 1.5248724 1.6188894 1.5307755 1.4743568 1.6536781 1.5009237 1.5459467 1.5675235 1.5647291 1.5493860 1.6029258 1.6403918 1.7472228 1.7259702 1.5094193 1.7792269 0.0000000 0.4295500 1.7842981 0.5540230 0.2068408 0.5214657 1.7010806 1.5887230 1.6464384 1.7834408 1.7472667 1.7141037 1.8758701 1.5934676 1.5985247 1.4154048 2.0224745 1.8319455 2.1883609 2.0004569 1.8224321 1.9038223 1.6006348 2.1349334 2.0388184 2.0037506 2.0875995 2.0845612 1.6360074 2.0045804 1.8670577 2.1424745 2.1424745 2.0580222 2.0580222 1.9839975 2.1843507 2.4768348 1.4860320 1.7670010 1.8155328 1.6883813 1.5775670 1.5775670 1.7803991 1.8669981 1.7620048 1.7680496 1.6841576 1.7680496 1.8049245 1.6023698 1.6718350 1.9121469 1.6505801 1.7310968 1.6362132 1.8223863 2.0765374 2.0765374 1.5008068 1.3756282 2.6275027 2.2508668 2.7486675 2.8410220 1.6552183 2.1738608 1.4939164 2.5078493 2.5787600 1.3248890 3.2661270 3.4573819 3.3565130 3.2434343 2.6489602 2.9899514 3.4537215 2.3505769 1.7853604 4.6263446 4.7869053 4.8507830 2.6853477 5.6487134 4.6046047 4.4767893 4.3434491 3.1776389 3.8222725 5.3534711 3.6127569 
Tieghemostelium_lacteum                                                     1.3104117 1.5691180 1.6797779 1.5956150 1.5195073 1.6701378 1.5291402 1.5537527 1.6184376 1.6317055 1.5672159 1.7576832 1.7583828 1.7680206 1.7145339 1.5525015 1.7691555 0.4295500 0.0000000 1.7820842 0.6146518 0.4314175 0.5747805 1.6875080 1.5723052 1.6767501 1.7904767 1.8323896 1.6467550 1.8400978 1.6277045 1.6291433 1.4278378 2.0057930 1.9304194 2.3032772 2.0197028 1.8751323 1.9284427 1.6188015 2.2533148 1.9692559 2.2787018 2.1984916 2.1942813 1.7467395 2.2639226 2.0695935 2.4611441 2.4611441 2.2698580 2.2698580 2.2020501 2.2730748 2.6101796 1.4350383 1.6669732 1.7247358 1.6452482 1.6857398 1.6857398 1.6658699 1.9002348 1.8066621 1.7727861 1.6913287 1.7727861 1.8438668 1.6222091 1.7043403 1.9566289 1.6956510 1.7570059 1.5525902 1.8636657 2.0919898 2.0919898 1.4286101 1.3396900 2.5420044 2.4443669 2.7858827 3.0095080 1.7204680 2.2844631 1.5773147 2.5093500 2.5032886 1.3396410 3.1029888 3.4496693 3.3722507 3.1342940 2.6179448 2.8841659 3.6440126 2.2243863 1.9138506 4.8385462 4.7755119 4.8261297 2.7994691 5.7675614 4.6522973 4.5760325 4.3917526 3.3338064 4.0499109 5.5842508 3.5946383 
Candidatus_Cyclonatronum_proteinivorum                                      1.1933092 1.2856115 1.2793058 1.3601302 1.3577192 0.7929262 1.3437919 1.3216407 1.3624792 1.2714747 1.3409772 1.3432005 0.7521481 0.7801778 0.8196532 1.3399208 0.8523789 1.7842981 1.7820842 0.0000000 1.7379212 1.7828499 1.8055959 0.7874540 1.5385074 1.3358985 1.3966261 1.3818821 1.5251152 1.6487204 1.4790028 1.5085063 1.5137785 1.8266078 1.6767762 2.2273492 2.1341355 2.1306992 2.0606339 1.7393376 2.2117717 2.2400956 2.2759517 1.7125626 1.7096690 1.4712727 1.5806349 1.4839289 1.6040336 1.6040336 1.5832049 1.5832049 1.5522346 1.9755859 1.8597211 1.4583806 1.5319365 1.5800729 1.5176775 1.3992784 1.3992784 1.5541628 1.6097775 1.6664927 1.6955669 1.6353846 1.6955669 1.7055861 1.5939441 1.6322997 1.5204797 1.5415323 1.6063298 1.5245449 1.7647906 2.0546762 2.0546762 1.4626105 1.4563488 2.1513450 1.6115608 2.5497748 2.0440853 1.5714346 1.7885581 1.4259534 2.3653339 2.3450822 1.4096622 2.3715386 3.4006620 3.3279241 2.8846497 2.3501048 3.0717354 3.2160722 2.2089039 1.7674168 5.4858151 4.9072890 4.8764426 2.8571676 5.6782371 4.8796870 4.7457870 4.3242487 3.7638509 3.4029797 4.9647601 3.7810242 
Cavenderia_fasciculata_strain_SH3_                                          1.3039194 1.4710201 1.7412708 1.6518218 1.5907803 1.7026225 1.5699175 1.6516814 1.6448333 1.6566982 1.6102343 1.8546492 1.8304662 1.7275291 1.7442188 1.5823135 1.7642010 0.5540230 0.6146518 1.7379212 0.0000000 0.6156911 0.5439028 1.6601700 1.5951302 1.7372558 1.8640371 1.8256649 1.6422016 1.9099340 1.7142882 1.6627900 1.4463391 2.0338223 2.0262369 2.4464950 2.0869789 1.8952795 1.8798429 1.4779133 2.2345374 2.0471504 2.3615426 2.2787222 2.2744896 1.7425401 2.1944450 2.0198696 2.5713921 2.5713921 2.2675156 2.2675156 2.2308093 2.4008669 2.9281330 1.4253122 1.7037317 1.8694507 1.5562758 1.6359189 1.6359189 1.7112975 1.9599853 1.8423976 1.7791806 1.7167759 1.7791806 1.8815349 1.6250917 1.6866647 2.0116749 1.6924976 1.7217883 1.6099224 1.7838256 2.0707104 2.0707104 1.4867616 1.3369005 2.5211817 2.3511724 2.9049276 3.0023219 1.6126071 2.5259907 1.5782808 2.6810901 2.6582103 1.2778323 3.1887787 3.7439582 3.6539869 3.2755524 2.6946892 2.9740348 3.2166715 2.7134582 2.1537765 5.0189515 4.6595315 4.5966172 2.8218111 5.5344631 4.4753334 4.1542894 4.4256160 3.1712889 3.9586648 5.2274908 3.6461472 
Dictyostelium_discoideum                                                    1.3431096 1.4933566 1.6447716 1.6314886 1.5154388 1.6265440 1.5364382 1.5766938 1.6596256 1.6177527 1.5548210 1.7089738 1.6991866 1.7295355 1.7206118 1.5467898 1.7397252 0.2068408 0.4314175 1.7828499 0.6156911 0.0000000 0.5726498 1.6683946 1.5716294 1.6524729 1.8220935 1.7418313 1.7079515 1.8648285 1.6334988 1.6152149 1.4313877 2.1349641 1.8600513 2.1905117 1.9686139 1.7471010 1.8902482 1.5709959 2.1924198 2.0468008 2.2008090 2.1863291 2.1820860 1.7193351 2.0814691 1.9567831 2.2685432 2.2685432 2.2252167 2.2252167 2.1385026 2.2869862 2.6907316 1.4654650 1.7584537 1.8252317 1.7018595 1.6263162 1.6263162 1.7721158 1.9162975 1.8174079 1.8034067 1.7227549 1.8034067 1.8748577 1.6485677 1.7016757 1.9123122 1.6893785 1.6788924 1.6170991 1.8576726 2.1006946 2.1006946 1.4914187 1.3680466 2.6958826 2.3650279 2.8336895 2.9990610 1.6490973 2.3278349 1.4850813 2.5851506 2.6710539 1.3522551 3.1643840 3.7163731 3.6564740 3.3864272 2.6744688 2.9764313 3.6040460 2.5602584 1.9562656 4.7284497 4.7266868 4.7830574 2.8983770 5.8655006 4.5738260 4.6546209 4.5827155 3.2685901 3.8424610 5.2810000 3.5854101 
Polysphondylium_pallidum_strain_ATCC_26659_/_Pp_5_/_PN500_                  1.2620225 1.5392265 1.7657067 1.6145737 1.5721339 1.7281225 1.5478736 1.6610923 1.6237679 1.6040972 1.6355177 1.8281987 1.8034096 1.7657766 1.7267795 1.5451754 1.7994640 0.5214657 0.5747805 1.8055959 0.5439028 0.5726498 0.0000000 1.7396565 1.6077774 1.6848733 1.8536395 1.7682858 1.6970574 1.9106209 1.6630678 1.5943446 1.4612217 2.1545902 1.9893244 2.3445614 2.0591154 1.8645604 1.9252312 1.5026604 2.2783306 2.0676491 2.1985405 2.2899321 2.2890019 1.7341136 2.2434521 2.1042084 2.5522382 2.5522382 2.3068226 2.3068226 2.2715718 2.4071752 2.7705883 1.4701984 1.7608700 1.9452478 1.5927335 1.6699442 1.6699442 1.7754764 1.9647085 1.8805269 1.8501701 1.7272149 1.8501701 1.9533258 1.6496743 1.7203951 1.9500617 1.7185513 1.7056223 1.6096211 1.8553398 2.0728869 2.0728869 1.4676145 1.3647169 2.6846424 2.4202599 2.9406206 2.9457828 1.6649901 2.4437315 1.4846696 2.6693733 2.6840429 1.2727958 3.4089820 3.7444302 3.6177183 3.3892412 2.6051297 2.9652242 3.3322030 2.5388963 2.1107783 5.1472904 4.8887349 4.5283649 2.8408726 5.4298469 4.3468999 4.2629879 4.3619870 3.3717453 4.1482399 5.2020274 3.7222264 
Balneola_sp.                                                                1.1642719 1.2164766 1.3146003 1.2507978 1.3545152 0.6051285 1.1746014 1.2647823 1.3063264 1.2126593 1.3030382 1.2570734 0.5984236 0.2466669 0.6903477 1.2879234 0.3659102 1.7010806 1.6875080 0.7874540 1.6601700 1.6683946 1.7396565 0.0000000 1.4148021 1.3092000 1.4484366 1.4418375 1.5443625 1.6020427 1.4075913 1.4183702 1.3698391 1.8109860 1.6143290 2.0553585 1.8842367 1.9408193 1.8353191 1.6820504 2.2043917 2.1866983 2.1946327 1.7124658 1.7124658 1.3922239 1.4619219 1.4983702 1.5287036 1.5287036 1.4861638 1.4861638 1.4328328 1.9320365 1.8923088 1.3941697 1.5241062 1.4653037 1.4864123 1.3589577 1.3589577 1.5195020 1.6064517 1.6012978 1.6332058 1.6037103 1.6332058 1.6332058 1.5523070 1.5571472 1.5703284 1.4857721 1.4596173 1.6171043 1.7023304 2.0432454 2.0432454 1.4603802 1.4431209 2.1865238 1.7420877 2.4144315 2.0077092 1.5209612 1.7012136 1.5400082 2.1497131 2.1112468 1.3628451 2.2135508 3.2790323 3.1918704 2.9234028 2.1599477 2.8283877 3.3998383 1.8271978 1.8416833 4.8854090 4.6163935 4.2692169 2.8408311 5.5937365 4.4024463 4.3643599 3.6896743 3.2204007 3.2505997 5.4029327 3.4968044 
Suttonella_ornithocola                                                      1.3533181 1.3876990 1.3380870 1.3056056 1.3798821 1.4296647 1.3626251 1.4476367 1.3205985 1.3758774 1.4548984 1.2943527 1.4153271 1.4733582 1.3896001 1.3039605 1.3384850 1.5887230 1.5723052 1.5385074 1.5951302 1.5716294 1.6077774 1.4148021 0.0000000 1.5209637 1.5825644 1.4644643 1.7562285 1.8072595 0.3967617 0.3109881 1.6065956 1.8636699 1.6034001 2.0434246 1.9264662 2.0755755 2.1018146 1.8587010 2.1828009 2.2063165 1.9494101 1.4689136 1.4689136 1.4293995 1.4082495 1.5348444 1.5666443 1.5666443 1.4868276 1.4868276 1.4547607 1.7084550 1.7726223 1.6093585 1.8242330 1.5764340 1.5627128 1.4218710 1.4218710 1.7821169 1.6445931 1.6602959 1.7011410 1.6581613 1.7011410 1.7011410 1.6385203 1.6555201 1.6805824 1.6039523 1.6533282 1.7216117 1.7594536 2.2185296 2.2185296 1.6702502 1.6242735 2.3999308 1.9010744 2.3636654 1.9951723 1.4831918 1.8691779 1.4333794 2.4116487 2.4090850 1.2694320 1.9551354 3.4981850 3.4981850 3.2670200 2.5997259 2.9050887 3.7080691 1.7655123 1.5997335 5.4538084 4.9090606 5.0215239 2.6319497 5.7619578 4.8976712 4.4967621 4.2139242 3.1704915 3.4667742 5.5779497 3.1519566 
bacterium_SCGC_AG-212-C10                                                   1.1974739 1.1315844 1.3531201 1.3081124 1.1970596 1.3831378 1.1335442 1.2576549 1.1722154 1.2030305 1.3242406 1.2911733 1.3777978 1.3664893 1.3333426 1.2565451 1.3330716 1.6464384 1.6767501 1.3358985 1.7372558 1.6524729 1.6848733 1.3092000 1.5209637 0.0000000 0.7026036 0.5040472 1.6535570 1.6263375 1.4866421 1.5007731 1.5628526 1.6958659 1.5915309 1.7748161 1.8978736 1.7710861 1.8621710 1.6706344 1.8749376 2.0395905 1.9150008 1.3650589 1.3650589 1.3863555 1.3289391 1.4203152 1.3707094 1.3707094 1.3482168 1.3482168 1.3306611 1.8086073 1.6789654 1.5951911 1.6257463 1.5889800 1.5187096 1.3279080 1.3279080 1.5905035 1.6729312 1.7137242 1.7104945 1.6965791 1.7104945 1.7104945 1.6848266 1.6888009 1.2903840 1.6174804 1.7123642 1.5781583 1.8728165 2.1390514 2.1390514 1.4998674 1.4443122 2.3204163 1.6114346 2.3036118 1.7269890 1.3061010 1.6479805 1.3290791 2.1517895 2.1476817 1.2631990 1.9110400 3.2653788 3.2653788 3.1480280 2.4538005 2.9115413 3.4392165 1.7933608 1.7413037 5.2293985 4.9787346 4.8709563 2.6635839 4.9935639 4.6894293 5.0491207 4.1318056 3.2499686 3.6494085 5.0997006 3.4194860 
Dehalococcoidia_bacterium                                                   1.2802788 1.3176955 1.4872956 1.4290464 1.3017440 1.5084443 1.2571388 1.3174118 1.3966277 1.2884478 1.3936559 1.4415104 1.4734177 1.4467641 1.4341081 1.3501105 1.4838893 1.7834408 1.7904767 1.3966261 1.8640371 1.8220935 1.8536395 1.4484366 1.5825644 0.7026036 0.0000000 0.8234122 1.6132103 1.6569858 1.6271917 1.5355068 1.5202404 1.8718057 1.8104407 2.0332712 2.0210334 1.9478922 2.0107437 1.6384991 2.1813145 2.1812933 1.9567715 1.5642323 1.5642323 1.3778889 1.3901572 1.4646471 1.5668478 1.5668478 1.4767257 1.4767257 1.4774882 1.8927238 1.8659464 1.4673926 1.6038727 1.6448530 1.5164542 1.2202410 1.2202410 1.5785503 1.8048471 1.6739564 1.7095567 1.6431394 1.7095567 1.7095567 1.6095105 1.6369839 1.4060517 1.6066827 1.5903292 1.6215727 1.7836261 1.9791656 1.9791656 1.4990364 1.4044328 2.2976119 1.5646988 2.2696218 2.1288438 1.4442323 1.6783883 1.3077040 2.6482483 2.5907127 1.3918969 1.9426304 3.4904475 3.3855055 3.3316758 2.3708657 2.8979800 3.4028695 2.1278396 1.9087759 6.2080621 4.6472080 4.6508463 2.6825385 4.6601982 4.4267930 4.6358688 3.8076184 3.4213409 3.9982250 5.1288643 3.5702882 
Chloroflexi_bacterium_strain_G233_                                          1.2399649 1.1876922 1.4672471 1.3992910 1.3790073 1.4673680 1.1486029 1.3066439 1.3192562 1.2759600 1.3546651 1.3393017 1.3938860 1.4161964 1.3781199 1.3599575 1.4336567 1.7472667 1.8323896 1.3818821 1.8256649 1.7418313 1.7682858 1.4418375 1.4644643 0.5040472 0.8234122 0.0000000 1.6313540 1.6807572 1.4729702 1.4169400 1.6068321 1.8919419 1.5963816 1.8176596 1.9840204 1.8216192 1.9536965 1.6993857 1.9927944 2.1488165 1.9294301 1.3940631 1.3940631 1.4492249 1.3519543 1.4817172 1.4422541 1.4422541 1.4568256 1.4568256 1.4179123 1.8212972 1.7462029 1.5593451 1.6381544 1.5896596 1.5279676 1.3159409 1.3159409 1.5928154 1.6721936 1.6903638 1.6773256 1.7137162 1.6773256 1.6773256 1.6657545 1.6320719 1.3371425 1.6193931 1.6759015 1.7642190 1.8245473 2.0218767 2.0218767 1.6850278 1.4193135 2.3692281 1.6404625 2.3253503 1.8494536 1.4307453 1.6356129 1.3336369 2.3258356 2.3130769 1.3351288 2.1286961 3.3333800 3.3219751 3.6202717 2.7254987 2.7871919 3.1716999 1.7922101 1.6714653 5.1933947 4.8954578 4.7038131 2.9533697 4.7206030 4.5334468 4.8163514 3.8506744 3.3075462 3.7540322 5.0796147 3.8222067 
Ostreococcus_lucimarinus_strain_CCE9901_                                    1.2169975 1.2599941 1.4457356 1.3770381 1.2942324 1.5146335 1.3467308 1.3590989 1.3488663 1.3561507 1.3426709 1.2612380 1.4962869 1.5087670 1.4831091 1.3937449 1.5032864 1.7141037 1.6467550 1.5251152 1.6422016 1.7079515 1.6970574 1.5443625 1.7562285 1.6535570 1.6132103 1.6313540 0.0000000 0.2185850 1.7321149 1.8405869 1.0596474 0.6710006 1.2304905 2.0132464 1.7378939 2.0070367 2.0449206 1.8712164 2.2524800 2.1247032 1.9968664 1.7230987 1.7492328 1.7436334 1.6082709 1.9242980 1.8389329 1.8389329 1.8970490 1.8970490 1.6537969 1.9769671 1.9974242 1.0873358 0.1954314 1.1306988 1.1584694 1.5951657 1.5951657 0.1975018 1.2065579 1.2555668 1.2640604 1.2988346 1.2640604 1.2640604 1.2637506 1.2284928 1.6833587 1.1172004 1.3052512 0.6445006 1.4240390 2.0702928 2.0702928 0.6104626 0.0018245 0.3714333 2.0534648 2.0487794 2.0241316 1.6493863 2.0478626 1.5952912 2.1409820 2.1394364 1.8976829 2.0882963 3.3687843 3.3687843 1.6093019 1.7707164 0.9726693 2.7033741 2.1527229 1.6605002 5.2026643 4.1651946 3.8457482 2.9002535 5.1376348 3.9254797 4.1554009 3.5426354 3.0018400 2.8560158 4.4472023 3.4506289 
Ostreococcus_tauri                                                          1.2490704 1.2395977 1.4758138 1.3960666 1.3419748 1.5497845 1.3599060 1.3840245 1.3996019 1.3414155 1.3848247 1.4219645 1.5581791 1.5260973 1.4433456 1.4710760 1.5186197 1.8758701 1.8400978 1.6487204 1.9099340 1.8648285 1.9106209 1.6020427 1.8072595 1.6263375 1.6569858 1.6807572 0.2185850 0.0000000 1.8162324 1.8861832 1.0429224 0.7716332 1.4002649 2.2327292 1.9765443 2.0261459 2.1616890 1.8418252 2.3162444 2.1916147 2.2521490 1.9192552 1.9515384 1.7212041 1.8331154 1.8404405 2.0153977 2.0153977 2.1141725 2.1141725 1.8539421 2.1584876 2.1406560 1.0503226 0.2846328 1.2376370 1.1565306 1.5308573 1.5308573 0.2805850 1.4145156 1.3184904 1.2815369 1.2808646 1.2815369 1.3362899 1.2291717 1.2061192 1.9059567 1.1594880 1.2270401 0.6478006 1.3903312 1.9847310 1.9847310 0.6155625 0.2093808 0.6262001 2.0992320 2.2200820 2.3894489 1.6400775 2.1898139 1.6347665 2.3906272 2.4556234 1.7377712 2.5927948 3.7164895 3.4796719 1.7708496 1.8005531 1.3756218 2.7392850 2.4365682 1.9536767 6.1876836 4.5523508 4.1713603 3.0770966 5.1160049 4.1285992 4.1423085 3.5039835 2.9899374 2.9161236 4.5479424 3.5371052 
Dichelobacter_nodosus_strain_VCS1703A_                                      1.4546501 1.3491983 1.4220456 1.3451871 1.4543203 1.4327631 1.3302354 1.5212850 1.3912203 1.4067550 1.4545110 1.4248782 1.4166735 1.5290273 1.4354139 1.4172273 1.4909170 1.5934676 1.6277045 1.4790028 1.7142882 1.6334988 1.6630678 1.4075913 0.3967617 1.4866421 1.6271917 1.4729702 1.7321149 1.8162324 0.0000000 0.3698114 1.5751839 1.9251371 1.6634299 2.1167139 2.0632297 2.1594229 2.1023064 1.8733271 2.1723331 2.1886151 1.9938616 1.5676712 1.5676712 1.4588766 1.4336958 1.5181095 1.5329452 1.5329452 1.5276214 1.5276214 1.4455867 1.8422786 1.8900636 1.6580181 1.7828526 1.6166560 1.5404406 1.3852950 1.3852950 1.7489668 1.6325369 1.7066391 1.7646334 1.7608954 1.7646334 1.7646334 1.7191011 1.7191649 1.5480214 1.6556746 1.6462024 1.7956695 1.8104895 2.2082080 2.2082080 1.7287684 1.6322472 2.3996916 1.7982544 2.3935958 2.1696967 1.5966262 1.8558437 1.3652556 2.4949117 2.4891120 1.3087271 2.2206699 3.7411571 3.7379379 3.3483152 2.8040164 2.8664096 3.7138082 1.8328330 1.7421507 4.8404362 4.6991062 5.3178980 2.6694230 6.5132997 5.0994849 4.5677527 4.3348987 3.3042231 3.4090212 5.3801697 3.4085484 
Suttonella_indologenes                                                      1.4293749 1.3159924 1.3077297 1.2712198 1.3522471 1.4047858 1.2696390 1.4842962 1.3749079 1.3797549 1.4075766 1.2720517 1.4729632 1.5192619 1.4223621 1.3692019 1.3802172 1.5985247 1.6291433 1.5085063 1.6627900 1.6152149 1.5943446 1.4183702 0.3109881 1.5007731 1.5355068 1.4169400 1.8405869 1.8861832 0.3698114 0.0000000 1.5744813 1.8463215 1.6937199 2.0491656 2.0739729 2.0761803 2.1142880 1.9096268 2.1376370 2.2627298 2.0794644 1.5462490 1.5462490 1.4810137 1.4485613 1.5746980 1.5568944 1.5568944 1.5116586 1.5116586 1.4578613 1.7668970 1.7913025 1.5915635 1.9019178 1.6329973 1.5909562 1.4358532 1.4358532 1.8842109 1.6440717 1.7397673 1.7862170 1.7930035 1.7862170 1.7862170 1.7760460 1.7255008 1.6600056 1.6565300 1.6822360 1.7514622 1.8332424 2.2081521 2.2081521 1.6872989 1.7336110 2.5058044 1.8560876 2.3890526 2.0808945 1.6586302 1.8339932 1.4352993 2.4160297 2.4134462 1.2814921 2.0299107 3.6090503 3.6090503 3.2728884 2.6231875 2.9708265 3.6292861 1.6621007 1.4888691 4.9393983 4.7910752 5.2133983 2.5803810 6.2204995 4.8483136 4.7039155 4.3683984 3.2139819 3.6829050 5.4429451 3.3808830 
Physcomitrium_patens                                                        0.9292870 1.1736202 1.3781200 1.3610695 1.2526250 1.3648423 1.2561972 1.2495116 1.1893091 1.2920598 1.2039118 1.2926885 1.4087495 1.4503939 1.4148501 1.2176113 1.3255342 1.4154048 1.4278378 1.5137785 1.4463391 1.4313877 1.4612217 1.3698391 1.6065956 1.5628526 1.5202404 1.6068321 1.0596474 1.0429224 1.5751839 1.5744813 0.0000000 1.1814697 1.1038971 1.7087769 1.6971824 1.7251109 1.8423546 1.7096819 1.9051863 1.9297949 1.9499538 1.6398794 1.6432893 1.4458434 1.4141775 1.6062807 1.5434305 1.5434305 1.5700060 1.5700060 1.4660204 1.8966847 1.7694412 0.8129631 1.1294476 1.0616579 1.0984220 1.3971730 1.3971730 1.1089616 1.1030069 1.1453714 1.1626128 1.1780265 1.1626128 1.1626128 1.1348490 1.1308556 1.5222565 0.9732879 1.1061625 1.1355697 1.1598057 2.1179627 2.1179627 1.0352560 1.0062107 1.6186809 1.8956770 1.8260509 1.9473549 1.5189147 1.7555289 1.4377392 2.1419780 2.1402613 1.5319293 2.5306582 3.9874180 3.9874180 2.0458478 2.0607304 2.1868970 3.1548596 1.8713614 1.9527737 5.3941738 4.3501766 4.3681065 2.5151136 5.5049462 4.2877207 4.4349104 3.5143110 3.5022178 4.2206493 6.2554678 3.5353007 
