134
Litorilinea_aerophila                                                                                                                                                                                      0.0000000 0.8450259 1.0527328 0.9994354 0.8773623 1.0828089 0.9629822 0.8581898 0.8757420 0.9758346 0.9336828 0.9938979 1.1013051 1.1727201 1.1477324 0.8987588 1.1588867 1.2755391 1.2999157 1.1829514 1.2938431 1.3325457 1.2527294 1.1545236 1.3405540 1.1865375 1.2687463 1.2281471 1.2055468 1.2359363 1.4393336 1.4147609 0.9233402 1.3756440 1.1297803 1.4866882 1.4091250 1.4494544 1.4715129 1.2707072 1.6678803 1.6135855 1.7551458 1.3895625 1.3895625 1.1669505 1.1261996 1.2521641 1.2234050 1.2234050 1.3291821 1.3291821 1.2637586 1.6084133 1.9228389 4.8071201 0.9237143 1.1985280 1.2204378 1.0880500 1.0992955 1.2058811 1.1516933 1.1499215 1.1258855 1.1245372 1.1258855 1.1630897 1.0760066 1.1233048 1.3563952 1.0504743 1.1944035 1.2676318 1.2115142 1.6379196 1.7972110 1.1680640 1.1929551 1.1049405 1.8094412 1.6698407 1.4929024 1.5412717 1.6839766 1.6150885 1.6085438 1.8507413 1.8311313 1.1876774 1.5745972 1.1565532 2.0328339 1.9905326 2.0810552 2.0233175 1.1178681 2.2176976 2.4387821 1.5072872 3.1526524 3.1851492 2.3319210 1.8458088 2.5137522 2.8567779 1.5072872 2.3861860 2.7059683 3.6603373 1.8527991 1.8807700 3.5559048 4.0182185 3.0249643 3.5508738 2.0041973 3.5923799 2.5286219 3.8018880 3.7506405 3.0391463 3.9516498 2.8295810 2.9580101 3.9277135 4.3365479 1.6451802 3.6713797 3.1045211 3.1268964 2.6823870 2.7000145 4.4828631 
Longibacter_salinarum                                                                                                                                                                                      0.8450259 0.0000000 0.7965026 0.7580884 0.6022039 1.1823203 0.7835127 0.7537590 0.5835597 0.7751590 0.7814775 0.8179329 1.1463796 1.2666544 1.2039489 0.8372403 1.2077379 1.5116011 1.5557655 1.2749826 1.4587770 1.4803155 1.5259733 1.2051330 1.3769481 1.1224562 1.3059822 1.1757677 1.2484236 1.2285700 1.3360798 1.3044081 1.1637110 1.4137579 1.3534101 1.6461680 1.6190825 1.6390200 1.7009243 1.5173002 1.7927179 1.9421233 1.8378785 1.2805861 1.2805861 1.1890266 1.1478026 1.2276317 1.2643979 1.2643979 1.2840491 1.2840491 1.2273344 1.6101988 1.6162252 4.7609713 1.1774065 1.2869675 1.2996681 1.3300046 1.1744007 1.3034569 1.3682715 1.3291429 1.3273818 1.3333603 1.3273818 1.3663706 1.2905713 1.2683216 1.3402586 1.2288301 1.3961522 1.3451125 1.3764187 1.8476834 1.6298710 1.2821962 1.3192624 1.2156089 1.7409393 1.6190722 1.3960063 1.3273105 1.9242470 1.8482824 1.7454709 1.8333554 2.0006070 1.2313653 1.4923816 1.1219520 1.9982895 1.9955483 2.1984000 2.1984000 1.1300645 1.9199641 2.0051706 1.8016996 3.2242961 3.2294926 2.2144610 1.8321982 2.4278696 3.1251885 1.8016996 2.5842807 3.0309771 3.7824526 2.0502387 1.8146585 3.7014006 4.2616769 3.5711740 4.4740919 2.0299504 3.7948025 2.7850859 3.8247263 3.5734703 3.0019332 4.0717748 2.7699933 2.8067178 4.1993575 4.5684218 1.8838851 3.6532676 3.4089855 3.3615096 2.9934019 2.7455420 4.8858398 
Aliifodinibius_halophilus                                                                                                                                                                                  1.0527328 0.7965026 0.0000000 0.4288550 0.8686781 1.2686004 0.8784267 0.8208304 0.9328400 0.9042691 0.8825840 0.4737194 1.2620503 1.3297548 1.1542711 0.9229725 1.2717305 1.6022882 1.6614632 1.2654737 1.7212390 1.6272552 1.7453736 1.2985735 1.3279675 1.3395504 1.4726507 1.4498918 1.4304381 1.4595584 1.4100116 1.2977453 1.3646598 1.5868148 1.4285525 1.9806899 1.8642271 1.9354784 1.7624331 1.8206367 1.9673845 2.0785215 2.0548087 1.5632459 1.5632459 1.3204736 1.3727618 1.3825527 1.4967719 1.4967719 1.4112263 1.4112263 1.3635832 1.6193957 1.8523000 4.8527851 1.3479606 1.4299694 1.3901666 1.3734977 1.3207905 1.4084146 1.4320386 1.4187796 1.4563429 1.4644848 1.4563429 1.4730073 1.4321028 1.4134719 1.4789123 1.3263780 1.4725781 1.4596017 1.5058278 1.8737254 1.6100415 1.3806984 1.3956369 1.3729953 2.0804543 1.6055595 1.5246537 1.5810602 1.9653398 1.9220292 1.8658184 1.8897650 2.0625762 1.4169092 1.5990345 1.1947575 2.1450729 2.1162830 2.0080455 2.0371967 1.1682456 2.0991347 2.1419841 1.7195429 3.0162097 3.0204730 2.5941129 2.0716010 2.4357057 3.4390766 1.7195429 2.8846247 3.3477758 3.9052317 2.1000161 1.7861276 3.6073584 4.2772643 3.5683565 3.2984438 2.4275232 3.7616421 2.9934042 3.7780125 3.6705554 3.1911261 3.9163117 2.7690634 2.9408179 3.3211517 4.6664182 1.7899261 4.2263482 3.4090545 3.4980074 3.1679964 2.7130108 5.0148022 
Balneolaceae_bacterium_YR4-1                                                                                                                                                                               0.9994354 0.7580884 0.4288550 0.0000000 0.8887316 1.1858481 0.8512750 0.7255915 0.8235798 0.8321039 0.8589014 0.3974585 1.1525899 1.2787276 1.0996082 0.8641354 1.2493508 1.5136874 1.5774759 1.3448859 1.6334132 1.6118027 1.5956678 1.2378529 1.2941960 1.2940222 1.4146760 1.3835884 1.3612546 1.3803011 1.3314268 1.2600751 1.3465222 1.5339339 1.4150525 1.9254609 1.7934715 1.8472075 1.7883951 1.7611580 1.9396025 2.0848675 2.0227252 1.3987252 1.3987252 1.2438706 1.3199242 1.3408294 1.3911945 1.3911945 1.3439837 1.3439837 1.2995290 1.5841093 1.7858747 4.6956956 1.3965972 1.3895956 1.4143461 1.4139948 1.3154363 1.3874221 1.5110264 1.3962713 1.3871133 1.4247552 1.3871133 1.4086437 1.3935565 1.3447586 1.4357815 1.2813022 1.4372780 1.4264226 1.4573560 1.8707906 1.6635291 1.3612329 1.3349014 1.2485796 1.9315854 1.6684240 1.4188517 1.5660821 2.0675649 2.0116754 1.8543428 1.7739255 2.0412275 1.3155213 1.5669287 1.1490620 2.0164000 2.0017712 1.9986732 2.0233284 1.0984022 2.0103657 2.0534025 1.6546737 3.0368227 3.0411538 2.7043045 2.1177708 2.4436892 3.2028932 1.6546737 2.8278849 3.0652651 3.9467029 1.9706140 1.8061667 3.6119298 4.3155630 3.4024750 3.1447818 2.3399544 3.7713304 2.8988477 3.7102083 3.8045541 3.2977452 3.9254331 2.8176469 2.9695282 2.4762081 4.3514681 1.7492178 3.7381705 3.7132963 3.3019962 3.2934619 2.5726112 4.9987369 
Longimonas_halophila                                                                                                                                                                                       0.8773623 0.6022039 0.8686781 0.8887316 0.0000000 1.3632431 0.8056204 0.7793791 0.7264198 0.7962423 0.7710767 0.9032925 1.3278683 1.3711631 1.2895422 0.7941988 1.2998585 1.4599190 1.5040701 1.3439900 1.5742452 1.5005017 1.5558951 1.3398615 1.3699221 1.1865036 1.2919818 1.3644503 1.2824910 1.3284107 1.4416709 1.3415073 1.2421728 1.4961618 1.4679775 1.8328578 1.6985790 1.8499612 1.7029496 1.3639582 1.8517771 1.9051304 1.9653120 1.3143345 1.3143345 1.1912522 1.1846524 1.2438871 1.2534602 1.2534602 1.2510072 1.2510072 1.1920677 1.5013354 1.6511064 4.5818080 1.1245055 1.2925552 1.3487644 1.3041738 1.1333613 1.3002516 1.5677093 1.3695599 1.3795633 1.3593638 1.3795633 1.3896393 1.3247512 1.3455976 1.4144014 1.2616034 1.4851389 1.4091729 1.4468997 1.8914203 1.6520592 1.3722370 1.2848712 1.2051717 1.8529451 1.5915342 1.3588116 1.4128161 1.8669291 1.8320933 1.8237723 1.9349530 2.0581543 1.2047232 1.5165135 1.1310309 2.0718735 2.0128453 2.3102305 2.3332078 1.0032862 2.0817845 1.8800790 1.7176620 3.2313024 3.2364661 2.5275901 1.8380340 2.6211926 3.1903267 1.7176620 2.4356323 3.0832647 3.8905541 1.9574613 1.7483668 3.5094201 4.6199345 3.3348365 4.0446713 2.1609602 3.3748656 2.5364679 3.9482786 3.4717409 3.2134509 3.7773197 2.7283454 2.8324225 4.0572781 4.7655914 1.7635159 3.7718997 3.4571119 3.5332730 2.8902177 2.8521929 4.7572075 
Rhodohalobacter_barkolensis                                                                                                                                                                                1.0828089 1.1823203 1.2686004 1.1858481 1.3632431 0.0000000 1.2179531 1.2153280 1.2703816 1.2243150 1.2774520 1.2240952 0.3841075 0.6093797 0.5454968 1.2948652 0.6270705 1.6344514 1.6496671 0.7895757 1.6837016 1.6076666 1.7085946 0.6029441 1.4133466 1.3671805 1.4914914 1.4509178 1.4983697 1.5343191 1.4175772 1.3898977 1.3494480 1.6832152 1.6125672 2.0156015 1.8934624 1.9047549 1.9218805 1.6823230 2.1541092 2.1374494 2.1364681 1.5996519 1.5996519 1.4490958 1.4912993 1.4963123 1.6014287 1.6014287 1.5714802 1.5714802 1.4688894 1.7644961 1.8703416 5.0992261 1.4030327 1.5168891 1.4875299 1.4340190 1.3617395 1.5173005 1.6918712 1.6293544 1.5694585 1.6191722 1.5694585 1.6070748 1.5480824 1.5409948 1.5635098 1.5091915 1.5298095 1.5094206 1.6190591 1.8500675 1.7225925 1.3844092 1.3902074 1.4112543 2.0562603 1.9032889 1.4965030 1.5779396 2.0218875 1.9651199 1.8064550 1.9409474 2.0593487 1.4717951 1.7452282 1.3301581 1.9893533 1.9452832 2.1740137 2.1884278 1.3829036 2.1024912 2.1620621 2.1393008 3.2827948 3.3445985 2.5144377 2.1101431 2.6049974 3.6670962 2.1393008 2.6876825 3.4888216 3.8966437 2.1901203 1.8509146 3.6704363 4.3449480 3.4785180 4.8135709 2.4310237 4.2294244 3.0304415 3.4822277 3.9163632 3.1733530 4.0515248 2.7446931 2.8186952 3.1477277 5.0143986 2.3064357 4.0296580 3.8783769 3.5888751 3.2483664 2.8922170 5.2186912 
Rubrivirga_sp._SAORIC476                                                                                                                                                                                   0.9629822 0.7835127 0.8784267 0.8512750 0.8056204 1.2179531 0.0000000 0.7370141 0.6407356 0.4487065 0.7933960 0.8179439 1.1583030 1.2082197 1.2003596 0.7794148 1.1868691 1.4878281 1.5148481 1.3311596 1.5559987 1.5225164 1.5344979 1.1644883 1.3532496 1.1223851 1.2465779 1.1381718 1.3333333 1.3463324 1.3202950 1.2625966 1.2432407 1.4012027 1.3815042 1.8375569 1.8592094 1.7915333 1.7021381 1.4838042 1.8367710 1.9016474 1.9169035 1.2940814 1.2940814 1.1912383 1.1058946 1.2236042 1.2200177 1.2200177 1.2249499 1.2249499 1.1705898 1.5383571 1.7221902 4.7129913 1.2349945 1.3169726 1.3074547 1.3624467 1.1168661 1.3144392 1.4197082 1.3394461 1.3228848 1.3510932 1.3228848 1.3734732 1.2935858 1.2815054 1.3402046 1.2088394 1.3921949 1.3264348 1.4030003 1.8100621 1.7021308 1.2152700 1.2056150 1.2035884 1.8622250 1.5778964 1.3485619 1.2740218 1.8512713 1.7773045 1.6671157 1.8182417 1.9369990 1.2303920 1.4436921 1.1780163 2.1499169 2.1091719 1.9841821 1.9841821 1.1321888 1.9157907 1.8803944 1.9146078 3.1996940 3.2048022 2.7141077 1.7973461 2.1763193 3.3406960 1.9146078 2.5578967 3.2338465 3.7509369 1.8768922 1.9280642 3.6139078 4.4684557 3.1833598 4.3850343 2.2382406 3.7795481 2.7975843 3.7566948 3.5079482 2.8745440 4.0623527 2.7601022 2.8097413 5.0382965 4.3283696 2.2024498 3.7494362 3.2525413 3.1280709 2.7920845 2.5545461 5.3609643 
Caldilinea_aerophila_strain_DSM_14535_/_JCM_11387_/_NBRC_104270_/_STL-6-O1_                                                                                                                                0.8581898 0.7537590 0.8208304 0.7255915 0.7793791 1.2153280 0.7370141 0.0000000 0.6914885 0.7950080 0.9029838 0.7828296 1.1646565 1.2572991 1.2090461 0.8011216 1.2576039 1.5299999 1.5381536 1.3077655 1.6342285 1.5607934 1.6437875 1.2519133 1.4345804 1.2448148 1.3070976 1.2923301 1.3438558 1.3683493 1.5059376 1.4693979 1.2372423 1.4811109 1.3286471 1.7494067 1.7091309 1.7461366 1.5985714 1.4675091 1.8564200 1.9016145 1.9029530 1.2772055 1.2772055 1.2102598 1.2097011 1.2912272 1.2873204 1.2873204 1.2654089 1.2654089 1.2306888 1.6291568 1.7938542 4.5268789 1.2540832 1.3228929 1.2862032 1.3133388 1.1898236 1.3326969 1.3729968 1.3216187 1.3451683 1.3687307 1.3451683 1.3612348 1.3263057 1.3047470 1.3560042 1.2248487 1.3957672 1.3983337 1.4246212 1.7587933 1.8191320 1.2207947 1.2898379 1.2660969 1.8759316 1.6336348 1.3906519 1.4331005 1.8024311 1.7670272 1.7341420 1.6882707 1.9799657 1.1936414 1.5205611 1.0231417 2.1821222 2.1422932 2.3004573 2.3001067 1.0730501 1.9060238 1.8847731 1.7265224 3.1056373 3.1056373 2.4105009 1.8974717 2.5195282 3.1401784 1.7265224 2.7192054 3.0585256 3.9644749 1.8895527 1.8761523 3.6154252 4.3610623 3.3095281 2.5078730 2.2304761 3.4691639 2.7461238 3.9239852 3.7210690 3.0819568 3.8154396 2.7536109 2.8852274 2.1693570 4.2834954 1.9435982 3.7279852 3.1294809 3.3196186 3.1122561 2.6968878 4.6184985 
Rhodothermaceae_bacterium_RA                                                                                                                                                                               0.8757420 0.5835597 0.9328400 0.8235798 0.7264198 1.2703816 0.6407356 0.6914885 0.0000000 0.6500930 0.7058064 0.8726294 1.2136724 1.3066638 1.2238626 0.6090164 1.3086676 1.5528379 1.6024941 1.3489396 1.6302066 1.6432191 1.6095045 1.2931147 1.3101802 1.1601040 1.3818120 1.3050260 1.3350632 1.3855476 1.3787785 1.3633438 1.1783835 1.5208917 1.4633263 1.8467377 1.8128499 1.7557289 1.8010694 1.4319045 1.9777991 1.9567441 1.9401293 1.3292779 1.3292779 1.1701935 1.1466339 1.2347405 1.3543813 1.3543813 1.3120072 1.3120072 1.2266296 1.6354186 1.8965863 4.8705308 1.2040607 1.3371589 1.3887515 1.3387033 1.1466813 1.3630475 1.4642595 1.3235358 1.2803087 1.3373255 1.2803087 1.3197176 1.2703992 1.2449687 1.4751682 1.2341529 1.4056217 1.4122334 1.3511344 1.8363001 1.7264755 1.3344124 1.3224307 1.2614209 1.9719570 1.6665929 1.4090895 1.4618437 1.7972774 1.7814109 1.8120115 1.8579982 2.0486404 1.1893643 1.5519638 1.1622466 2.1164685 2.1017737 2.2989188 2.3376715 1.0867076 2.1493556 2.1598321 1.8595714 3.3095872 3.4169539 2.5114896 1.8371699 2.5941835 3.1115100 1.8595714 2.6534268 3.0143032 3.6699051 1.8653989 1.9070485 3.6418186 4.2861338 3.3234434 4.2857310 2.1588460 3.7953346 2.6679007 3.9193637 3.7505813 3.1410605 4.0750497 2.8670764 2.9952662 4.5950873 4.6336051 2.1234249 3.6062043 3.2731985 3.4175684 2.7852298 2.8249867 4.5632750 
Rubricoccus_marinus                                                                                                                                                                                        0.9758346 0.7751590 0.9042691 0.8321039 0.7962423 1.2243150 0.4487065 0.7950080 0.6500930 0.0000000 0.8194594 0.8644218 1.2269111 1.2082054 1.1613015 0.8054946 1.2082167 1.5478747 1.6139991 1.2603250 1.6393922 1.6006991 1.5870612 1.2003660 1.3652157 1.1900815 1.2753476 1.2627834 1.3416142 1.3275242 1.3946162 1.3689049 1.2790262 1.4392366 1.3994340 1.8072438 1.7964513 1.7872682 1.7441322 1.5155131 1.8420536 1.9371014 1.8869069 1.2565222 1.2565222 1.1670117 1.1671106 1.2348270 1.2188531 1.2188531 1.2651055 1.2651055 1.2222346 1.4968122 1.6699657 4.5895092 1.3384994 1.3007347 1.2899747 1.3919156 1.1737958 1.2854978 1.3952574 1.3814314 1.3269803 1.3762645 1.3263405 1.3738523 1.3193183 1.2933306 1.3763204 1.2371610 1.4167967 1.3406838 1.4160366 1.8254313 1.6319696 1.1643496 1.2487013 1.2341012 1.8416674 1.6689009 1.3363806 1.3785074 1.8006424 1.8058276 1.6167092 1.6189037 1.8677565 1.1719487 1.5669276 1.0968987 2.1742231 2.1358251 2.2018837 2.1954227 1.2027517 1.8908558 1.9115987 1.8441243 3.0122526 3.0166046 2.7011940 1.8263109 2.3248783 3.3674253 1.8441243 2.5154301 3.1572935 3.5681417 1.8696232 2.1851618 3.5548492 4.5315598 3.1060435 3.4811988 2.1532946 3.7928557 2.8842598 3.8771418 3.3524197 2.9452034 3.9884376 2.7630940 2.7955655 3.8704105 4.3573933 2.0927191 3.7853922 3.3824695 3.1699760 2.9543006 2.6511609 4.9099640 
Salinibacter_sp._10B                                                                                                                                                                                       0.9336828 0.7814775 0.8825840 0.8589014 0.7710767 1.2774520 0.7933960 0.9029838 0.7058064 0.8194594 0.0000000 0.8940758 1.2452328 1.3177274 1.1713951 0.7761908 1.2402360 1.5357603 1.5526516 1.3303400 1.5963869 1.5400607 1.6212334 1.2914296 1.4434399 1.3107564 1.3809279 1.3407883 1.3315507 1.3724301 1.4419796 1.3965321 1.1952655 1.5407625 1.3955576 1.7139020 1.6963260 1.7152062 1.8189651 1.5283416 1.8989211 1.9078417 1.9347244 1.3034314 1.3034314 1.3027980 1.2647004 1.3572947 1.3466047 1.3466047 1.3910035 1.3910035 1.3388413 1.4852806 1.8282471 4.5488305 1.2048838 1.3365883 1.3895943 1.3186181 1.2356955 1.3252330 1.3611981 1.3887713 1.3954054 1.3817618 1.3954054 1.4083829 1.3498353 1.3678227 1.4378958 1.3344151 1.4337653 1.3995135 1.4349730 1.8871304 1.7672953 1.3097222 1.2890679 1.2030539 1.9262604 1.6210064 1.4094814 1.5159944 1.8818881 1.8815728 1.7239878 1.8851729 1.9513578 1.2679564 1.5797976 1.0670467 1.9967014 1.9921284 2.0815182 2.0772695 1.1869348 1.9821520 1.8686347 1.8744881 3.3083962 3.3139185 2.5697729 1.7488993 2.5177711 3.1271757 1.8744881 2.5110537 2.9957976 3.9543966 1.8109958 1.8648367 3.7338492 4.2874962 3.2848012 3.6281848 2.0202439 3.6754912 2.6044119 3.7728788 3.8760684 3.0934034 3.8191267 2.9970174 3.2030476 3.6185746 4.1452358 2.1539891 3.9535871 3.3091383 3.3932225 3.2175911 2.9541998 4.5756226 
Aliifodinibius_roseus                                                                                                                                                                                      0.9938979 0.8179329 0.4737194 0.3974585 0.9032925 1.2240952 0.8179439 0.7828296 0.8726294 0.8644218 0.8940758 0.0000000 1.2286719 1.2155842 1.1810851 0.9173175 1.1994315 1.5856404 1.7359106 1.3285240 1.8309906 1.6888661 1.8043086 1.2443936 1.2844450 1.2782533 1.4280283 1.3254360 1.2492316 1.4073589 1.4119763 1.2619720 1.2789350 1.6812307 1.4799216 2.0463454 1.8808570 1.8547910 1.9095921 1.7364726 2.0176710 2.0509513 1.9358198 1.5430544 1.5478817 1.3377132 1.4545065 1.4196608 1.5866869 1.5866869 1.5126519 1.5126519 1.4179955 1.7471771 1.8678961 5.3892666 1.3543836 1.2793080 1.3928511 1.4603334 1.3022614 1.2674979 1.6566313 1.4048683 1.3970056 1.3891440 1.3970056 1.4312965 1.3831044 1.3695575 1.5998395 1.3221160 1.4380894 1.4023656 1.4352986 1.9931086 1.7461567 1.4374955 1.3379239 1.1499520 1.9873011 1.6661591 1.4175776 1.6572923 1.9983954 1.7985895 2.0216839 1.8570721 2.2187186 1.2991702 1.6613647 1.1558272 2.0484902 2.0084691 2.0960066 2.0606027 1.0145755 2.2345803 2.3980834 1.8243751 3.2878085 3.1989770 2.7489172 2.0600067 2.5280437 3.3015457 1.7569891 2.7845692 3.2073576 3.8765883 2.1289841 1.7260858 3.7376924 4.3199584 3.3663156 3.6341088 2.1447969 4.0377494 2.7559248 3.7624222 3.7612587 3.4421528 3.9534988 2.8558814 3.0963159 2.7952530 4.4754868 1.9145059 4.0748014 3.6050279 3.4797208 2.9656515 2.6265122 5.0577909 
Rhodohalobacter_mucosus                                                                                                                                                                                    1.1013051 1.1463796 1.2620503 1.1525899 1.3278683 0.3841075 1.1583030 1.1646565 1.2136724 1.2269111 1.2452328 1.2286719 0.0000000 0.6051125 0.5309440 1.2098527 0.6157141 1.6214878 1.7365025 0.7489514 1.8081648 1.6797897 1.7823735 0.5966074 1.4007042 1.3636067 1.4574917 1.3790216 1.4802439 1.5415492 1.4007960 1.4574368 1.3921720 1.6684513 1.5081858 1.9330768 1.9014470 1.8750135 1.8916967 1.6904358 2.1181832 2.1197222 2.1833817 1.5779679 1.5779679 1.4406048 1.5080670 1.4958017 1.6083676 1.6083676 1.6020976 1.6020976 1.4855087 1.7740359 1.9177676 4.8980209 1.4422350 1.5197987 1.4393250 1.3725894 1.3806621 1.5070515 1.5432543 1.5807289 1.5095389 1.5815204 1.5131583 1.5624250 1.4995926 1.4823281 1.5475910 1.4484790 1.4682636 1.5311516 1.5457168 1.7934619 1.6927089 1.3609525 1.4137898 1.5023518 2.0271012 1.8781397 1.5292414 1.5924963 2.0112352 1.9146351 1.8156708 1.9738292 2.0519443 1.3812042 1.7276629 1.3767303 1.9501888 1.8988395 2.1843466 2.2171879 1.4435397 2.0850418 2.1126970 1.9539323 3.3114473 3.3522172 2.5510907 2.0943788 2.3538021 3.3619215 1.9539323 2.6993241 3.2545277 4.0101644 2.3470298 1.8581827 3.5635062 4.2890053 3.6100878 4.0950990 2.2559885 3.9222941 2.8436040 3.3447392 3.7948309 3.1534774 3.9251200 2.6320147 2.7565816 2.7902162 4.2444319 2.0102101 3.9513416 3.6480373 3.2956231 3.4933118 2.9446973 5.0228710 
Balneola_sp._EhC07                                                                                                                                                                                         1.1727201 1.2666544 1.3297548 1.2787276 1.3711631 0.6093797 1.2082197 1.2572991 1.3066638 1.2082054 1.3177274 1.2155842 0.6051125 0.0000000 0.7007888 1.2598064 0.3731052 1.7236693 1.7444486 0.7779107 1.7059975 1.7077274 1.7437092 0.2469500 1.4592025 1.3523858 1.4331132 1.4035499 1.4940109 1.5112759 1.5152181 1.5034871 1.4342934 1.7686755 1.6842415 1.9727912 1.8518082 1.8906079 1.8589336 1.6445276 2.1150062 2.1705230 2.1303842 1.5686086 1.5686086 1.3913908 1.4974485 1.5222639 1.5739916 1.5739916 1.5282974 1.5282974 1.4278429 1.7207298 1.9236566 5.1276474 1.3492646 1.4882235 1.4185812 1.5622844 1.3744989 1.4715793 1.7071072 1.6048343 1.5727022 1.5893904 1.5727022 1.6018036 1.5355051 1.5123524 1.5432072 1.4863813 1.5323498 1.5803866 1.6074142 1.8242821 1.7086255 1.4067529 1.4479231 1.4341233 2.1387094 1.8142894 1.5466000 1.5962190 2.0546738 1.9954760 1.9180142 1.9607068 2.1651377 1.4113642 1.7504526 1.4106770 1.9002479 1.8701998 2.1439249 2.1921158 1.2514053 2.2258329 2.2552682 1.8850035 3.4102718 3.4513970 2.7431988 2.0188779 2.5457221 3.4702210 1.8850035 2.6594727 3.4489235 3.8467261 1.7847082 1.6196716 3.5512659 4.0479386 3.4273278 3.9404546 2.1542498 4.0354879 3.0599700 3.7289674 3.8637402 3.0228459 3.9494910 2.8955138 3.1068166 2.3882555 4.3473000 1.9258569 3.8279176 3.8273976 3.8878356 3.0874999 2.9949274 5.1492011 
Rhodohalobacter_sp._SW132                                                                                                                                                                                  1.1477324 1.2039489 1.1542711 1.0996082 1.2895422 0.5454968 1.2003596 1.2090461 1.2238626 1.1613015 1.1713951 1.1810851 0.5309440 0.7007888 0.0000000 1.1778953 0.6724603 1.7050204 1.6934489 0.8161035 1.7249346 1.6999056 1.7070772 0.6874446 1.3732263 1.3190287 1.4190927 1.3638464 1.4677773 1.4287231 1.4208474 1.4081034 1.3992696 1.5543949 1.5474392 1.9855516 1.9070335 1.8990051 1.8745764 1.7805562 2.0957645 2.0716870 2.1084865 1.6342732 1.6342732 1.3620301 1.3611137 1.4182746 1.5041007 1.5041007 1.4925878 1.4925878 1.4069072 1.7025219 1.9521161 4.8321246 1.3349132 1.4398111 1.3577803 1.4370941 1.3203385 1.4297446 1.5537898 1.5429573 1.5030196 1.4991507 1.5030196 1.5443437 1.4478533 1.4359095 1.6187655 1.4449800 1.5166033 1.3958447 1.5338451 1.8691599 1.6399339 1.3977796 1.3280337 1.3821238 1.9830334 1.9050767 1.5340000 1.5071755 1.9983043 1.9603707 1.8645788 1.8670969 2.1310676 1.4044350 1.5991479 1.3291394 1.9912684 1.9435453 2.2689120 2.2767584 1.3395494 2.1437836 2.3143785 1.8532023 3.4793640 3.4986481 2.4807396 2.0508248 2.4791245 3.3671776 1.8532023 2.5599087 3.4191818 3.8719699 1.9130488 1.6833139 3.5194522 4.2273198 3.2992521 4.2408705 2.1481668 3.9051348 2.8360311 3.4189300 3.5145641 3.2775229 4.0327967 2.8824050 2.9068006 3.9819965 4.4095959 2.0124207 3.9566325 3.6745651 3.6162026 3.3056165 2.8327634 5.1231976 
bacterium_HR18                                                                                                                                                                                             0.8987588 0.8372403 0.9229725 0.8641354 0.7941988 1.2948652 0.7794148 0.8011216 0.6090164 0.8054946 0.7761908 0.9173175 1.2098527 1.2598064 1.1778953 0.0000000 1.2067477 1.4974403 1.5392343 1.3290535 1.5686008 1.5340760 1.5337432 1.2765980 1.2936638 1.2450442 1.3389999 1.3464934 1.3793982 1.4567040 1.4051203 1.3583200 1.2083307 1.5325892 1.4631762 1.7989146 1.8719137 1.7817782 1.7706678 1.4793505 1.8442906 1.8477618 1.7630267 1.3712120 1.3712120 1.1826606 1.1531402 1.2339543 1.3199015 1.3199015 1.3208232 1.3208232 1.2353644 1.6034335 1.8296741 4.5462917 1.2804994 1.3872504 1.3763523 1.3310305 1.1297289 1.3857698 1.4995135 1.3285621 1.2891425 1.3352369 1.2891425 1.3258710 1.2738659 1.2877508 1.4708338 1.2445289 1.3813851 1.4358811 1.3809007 1.7899041 1.7826388 1.2247145 1.3144925 1.2760315 1.9375988 1.6096565 1.4591445 1.3951604 1.8645485 1.7856666 1.6459138 1.7266630 1.8550623 1.2689806 1.4874023 1.0524927 2.1190947 2.1026650 2.0514714 2.0681056 1.1777562 2.0403167 1.8751652 1.8493269 2.9352096 2.9818689 2.6047971 1.8279522 2.4064588 3.1390572 1.8493269 2.5867494 2.9605329 3.6668917 1.8877356 1.7064760 3.6048079 4.1653027 3.2735463 3.9224088 2.1211914 3.5856434 2.6577032 3.9925421 3.6233475 3.0438912 3.9561895 2.7411338 2.9605258 3.4489753 4.3597611 2.1038790 3.5312400 3.3327051 3.3569425 2.9685146 2.7262624 4.6285191 
Gracilimonas_mengyeensis                                                                                                                                                                                   1.1588867 1.2077379 1.2717305 1.2493508 1.2998585 0.6270705 1.1868691 1.2576039 1.3086676 1.2082167 1.2402360 1.1994315 0.6157141 0.3731052 0.6724603 1.2067477 0.0000000 1.7579120 1.7460390 0.8480395 1.7430324 1.7197356 1.7764829 0.3658743 1.3262206 1.3192186 1.4702587 1.4193898 1.4865853 1.5009191 1.4764311 1.3674391 1.3116300 1.7439472 1.5595653 1.9365881 1.8321234 1.8611267 1.9107944 1.7370706 2.1039305 2.1365136 2.1333469 1.5669223 1.5669223 1.4243672 1.4684187 1.4755644 1.5469431 1.5469431 1.4937555 1.4937555 1.4069752 1.8106069 1.7716947 5.4396033 1.3350816 1.5009070 1.4444331 1.4434930 1.3700764 1.5007395 1.5334340 1.5743789 1.5136813 1.5529077 1.5136813 1.5455923 1.4809127 1.4563629 1.5548785 1.4163145 1.4080174 1.4956200 1.5369724 1.8209050 1.7574557 1.3587734 1.3784806 1.3892597 2.1248191 1.8092826 1.3852065 1.7100518 1.9626359 1.9125280 1.8170454 1.9837609 2.0360282 1.4017353 1.8200880 1.3909177 1.7555454 1.7522326 2.1188869 2.1678917 1.1115441 2.2403749 2.2462438 2.2209182 3.2040554 3.2288183 2.7207634 2.0805204 2.6012676 3.4900819 2.2209182 2.5254541 3.4464960 3.7960683 2.1972899 1.6063197 3.5726033 4.2071795 3.4851899 6.1255611 2.4353694 4.1396327 2.8715802 3.5339975 3.7871872 3.3707563 4.1816631 2.6735097 2.8329892 4.3547410 4.4331947 2.2889912 3.9926392 3.9470976 3.8427945 3.0284133 2.9753461 5.5096909 
Dictyostelium_purpureum                                                                                                                                                                                    1.2755391 1.5116011 1.6022882 1.5136874 1.4599190 1.6344514 1.4878281 1.5299999 1.5528379 1.5478747 1.5357603 1.5856404 1.6214878 1.7236693 1.7050204 1.4974403 1.7579120 0.0000000 0.4290425 1.7605822 0.5522458 0.2070970 0.5196313 1.6777804 1.5722265 1.6296379 1.7653309 1.7286953 1.6903952 1.8457488 1.5775493 1.5819404 1.4032467 1.9896044 1.8114021 2.1540651 1.9706716 1.8010893 1.8766931 1.5839903 2.1004117 2.0078134 1.9740509 1.9354674 1.9354674 1.5842727 1.8896457 1.6976516 2.0822358 2.0822358 2.0621375 2.0621375 1.8641147 2.1942585 2.3207742 5.2518525 1.4728892 1.7421890 1.7399969 1.6713290 1.5050830 1.7561048 1.8454174 1.7536420 1.6470119 1.6886711 1.6470119 1.6538031 1.6094698 1.5681941 1.9528463 1.6203412 1.7736355 1.6170961 1.6485573 1.9281581 1.8889147 1.6246115 1.4847674 1.3595876 2.5681269 1.7836463 1.5988516 2.0040677 2.1478847 2.0804065 2.1659703 2.6151043 2.3946443 1.6568872 2.0062079 1.4610949 2.0807464 2.0456798 2.6561574 2.5758392 1.3077392 3.1828945 3.5312630 2.8200295 3.5828308 3.5248456 3.0961623 2.2916726 2.6481537 3.8472767 2.7534461 2.7788467 3.6552369 4.0104836 2.0441471 1.7109406 3.8102754 4.2704883 3.7132641 4.3674991 2.0703421 4.5583734 2.9367454 4.2658844 4.1620881 3.4057899 4.6053070 3.3107782 3.3753669 3.2258628 5.0766211 2.8229360 3.8453845 4.0632727 3.8049702 3.2216652 3.4446373 5.6662481 
Tieghemostelium_lacteum                                                                                                                                                                                    1.2999157 1.5557655 1.6614632 1.5774759 1.5040701 1.6496671 1.5148481 1.5381536 1.6024941 1.6139991 1.5526516 1.7359106 1.7365025 1.7444486 1.6934489 1.5392343 1.7460390 0.4290425 0.0000000 1.7579868 0.6119689 0.4307686 0.5722677 1.6643776 1.5554323 1.6594548 1.7706805 1.8116747 1.6264083 1.8123693 1.6102945 1.6121531 1.4143095 1.9735885 1.9066182 2.2628025 1.9898339 1.8507198 1.9010853 1.6022206 2.2150776 1.9409974 2.2421633 2.0628824 2.0588279 1.6870005 2.1610911 1.8795513 2.3832112 2.3832112 2.2451843 2.2451843 2.1119460 2.1963455 2.2846936 4.9848962 1.4227913 1.6457178 1.7488396 1.6291967 1.5884149 1.6449835 1.8771440 1.7758168 1.7165933 1.7222911 1.7165933 1.7551865 1.6199991 1.6059464 2.0657464 1.6992549 1.7763066 1.5353564 1.7008959 1.8997306 1.8178971 1.7064828 1.4140838 1.3263641 2.4892733 1.7529294 1.5542267 2.2306154 2.2841108 2.1211469 2.2913382 3.0203615 2.5385678 1.6484002 2.1601907 1.4339558 2.1973435 2.1497645 2.5716815 2.5666266 1.2905562 3.3230821 3.5724952 2.5536804 3.4515507 3.3967537 2.9871587 2.3169171 2.6822420 3.9329141 2.4889236 2.8219328 3.8374689 4.0334112 2.3047269 1.7175903 3.7392529 4.1002684 3.8221808 3.7418569 2.1772980 4.6070299 2.9514937 4.1243625 4.0679296 3.4169863 4.7328627 3.3575131 3.4062236 3.1670849 4.7867157 2.6561484 4.0460570 4.1392542 4.0487339 3.4142782 3.5969732 5.7773308 
Candidatus_Cyclonatronum_proteinivorum                                                                                                                                                                     1.1829514 1.2749826 1.2654737 1.3448859 1.3439900 0.7895757 1.3311596 1.3077655 1.3489396 1.2603250 1.3303400 1.3285240 0.7489514 0.7779107 0.8161035 1.3290535 0.8480395 1.7605822 1.7579868 0.0000000 1.7153118 1.7591691 1.7823127 0.7841810 1.5233458 1.3233789 1.3838126 1.3681315 1.5087933 1.6291117 1.4649309 1.4932004 1.4959748 1.8024162 1.6579247 2.1921131 2.1044033 2.1009505 2.0327953 1.7194812 2.1796062 2.2040634 2.2383094 1.6155117 1.6155117 1.4708991 1.5005717 1.4759106 1.6432746 1.6432746 1.5407228 1.5407228 1.4731890 1.7633096 1.9793396 5.4463557 1.4437739 1.5150472 1.5652449 1.5020738 1.3572309 1.5369841 1.5928666 1.5728168 1.5324898 1.5816122 1.5324898 1.5722320 1.5612627 1.5233351 1.6191667 1.4510550 1.5943513 1.5090842 1.6260478 1.8827883 1.7614871 1.5237942 1.4492762 1.4409461 2.1149441 1.6661760 1.4363658 1.5492099 2.1193123 2.0837838 1.9774444 2.0477876 2.2178749 1.4570643 1.6953089 1.3064853 2.0551292 2.0091583 2.2977484 2.3834814 1.3831008 2.3444904 2.4782878 2.1853172 3.3608187 3.3834404 2.7087394 2.1674437 2.6755586 3.5107590 2.1853172 2.8086258 3.2561976 4.3583508 2.2093245 1.7259864 3.4389270 4.4293099 3.9113996 5.0431868 2.2992887 4.3337394 3.1401992 3.7466605 3.9995756 3.1832252 4.1122905 2.8589075 3.0636210 3.9637040 4.7709823 2.4071287 4.2183502 3.6451560 3.5958682 3.5390806 3.3796815 5.0422243 
Cavenderia_fasciculata_strain_SH3_                                                                                                                                                                         1.2938431 1.4587770 1.7212390 1.6334132 1.5742452 1.6837016 1.5559987 1.6342285 1.6302066 1.6393922 1.5963869 1.8309906 1.8081648 1.7059975 1.7249346 1.5686008 1.7430324 0.5522458 0.6119689 1.7153118 0.0000000 0.6128593 0.5419606 1.6398604 1.5766200 1.7179700 1.8444672 1.8058346 1.6209746 1.8819724 1.6952676 1.6434555 1.4335113 2.0036377 1.9984974 2.4015628 2.0542913 1.8705446 1.8554628 1.4632040 2.1979224 2.0173971 2.3199752 2.1618262 2.1600207 1.6670921 2.1848730 1.8573263 2.6084195 2.6084195 2.3174411 2.3174411 2.1483670 2.3354441 2.4696636 5.0920116 1.4136840 1.6823861 1.8650938 1.5424024 1.5448823 1.6902610 1.9358999 1.7422344 1.6461320 1.6946687 1.6461320 1.7182647 1.6112540 1.5344319 2.1386873 1.6161323 1.7584676 1.5913319 1.6579050 1.9157456 2.0397033 1.7015961 1.4714973 1.3226392 2.4682212 1.7328357 1.6647592 2.1749260 2.4425826 2.2488305 2.3599907 2.9504805 2.5726921 1.6573274 2.3249462 1.4440981 2.2852139 2.2539263 2.8049500 2.8707557 1.2910707 3.4185702 3.8544816 2.5398084 3.7110516 3.6926732 3.0499593 2.3103550 2.7727294 3.7203501 2.4651973 2.7502151 3.6260132 4.0184936 2.4154106 1.9068811 3.7646108 4.2005182 3.8051304 4.5011228 2.1816466 4.4068205 3.0680876 4.5265316 4.2505390 3.6112886 4.5612394 3.3758234 3.4395416 4.3538645 4.9487645 2.6799919 4.1189744 4.2280814 3.9598143 3.3895053 3.3889336 5.9542940 
Dictyostelium_discoideum                                                                                                                                                                                   1.3325457 1.4803155 1.6272552 1.6118027 1.5005017 1.6076666 1.5225164 1.5607934 1.6432191 1.6006991 1.5400607 1.6888661 1.6797897 1.7077274 1.6999056 1.5340760 1.7197356 0.2070970 0.4307686 1.7591691 0.6128593 0.0000000 0.5706357 1.6476244 1.5549501 1.6359743 1.8042793 1.7230251 1.6853787 1.8361758 1.6160163 1.5989628 1.4185319 2.0998833 1.8390151 2.1560311 1.9401775 1.7270800 1.8629605 1.5547872 2.1561758 2.0164142 2.1652461 2.1316693 2.1316693 1.6519082 2.0659200 1.8397488 2.3124540 2.3124540 2.1077466 2.1077466 2.0621052 2.2849753 2.2984705 5.3588724 1.4536718 1.7340537 1.7399765 1.6847512 1.5343666 1.7480544 1.8932506 1.7663692 1.6807615 1.7304116 1.6807615 1.7025838 1.6584669 1.5919207 2.0839150 1.6347756 1.7173107 1.6001042 1.6603484 1.9805797 1.8746571 1.6869363 1.4774897 1.3532458 2.6378671 1.7793771 1.5439005 2.1751761 2.2294219 2.1004614 2.2595152 2.8620456 2.4824442 1.6293069 2.1520246 1.4876456 2.0871135 2.0522892 2.5583444 2.5427436 1.3082104 3.4339760 3.8323582 2.7408029 3.7972328 3.7006650 3.0897075 2.3017993 2.7727017 3.9137490 2.7394878 2.7469167 3.7251753 4.1028722 2.3339465 1.6710048 3.8321580 4.0401332 3.7858845 4.4719826 2.0713704 4.5866959 3.0430334 4.3088276 4.1205753 3.4239431 4.7019087 3.4224101 3.4388625 3.4967469 5.0019464 2.8048118 3.8939914 3.9550413 3.9742031 3.2205715 3.4567214 5.7965996 
Polysphondylium_pallidum_strain_ATCC_26659_/_Pp_5_/_PN500_                                                                                                                                                 1.2527294 1.5259733 1.7453736 1.5956678 1.5558951 1.7085946 1.5344979 1.6437875 1.6095045 1.5870612 1.6212334 1.8043086 1.7823735 1.7437092 1.7070772 1.5337432 1.7764829 0.5196313 0.5722677 1.7823127 0.5419606 0.5706357 0.0000000 1.7165153 1.5889278 1.6680215 1.8323171 1.7490927 1.6739320 1.8815977 1.6444676 1.5767536 1.4479317 2.1190286 1.9615901 2.3014209 2.0260931 1.8391281 1.8971013 1.4860769 2.2373453 2.0371935 2.1629311 2.1906858 2.1906858 1.6610252 2.1792925 1.8915311 2.4287542 2.4287542 2.3308422 2.3308422 2.2042020 2.3486936 2.4782958 5.4040603 1.4568602 1.7375189 1.8354836 1.5759228 1.5526461 1.7520203 1.9382046 1.7734201 1.7170143 1.7165944 1.7170143 1.7650573 1.6417250 1.6125544 2.1195969 1.6378871 1.7344664 1.5899559 1.6934458 1.9309612 1.9734431 1.6623160 1.4517048 1.3481718 2.6241132 1.7781665 1.6353295 2.2258914 2.3876753 2.2104871 2.3192942 2.7858753 2.5795587 1.6520313 2.2738646 1.4460790 2.2302679 2.1868182 2.8166837 2.7399142 1.3293861 3.4725171 3.7642868 2.9038691 3.8818606 3.7470584 3.1003053 2.3493492 2.8088138 3.7710012 2.8102281 2.8242191 3.6597914 3.8916659 2.4088325 1.9150154 3.6318376 4.2020163 3.8581195 4.4396071 2.1017744 4.6420894 2.9364048 4.5449647 4.1320857 3.6033595 4.6301555 3.3714707 3.4074667 4.0282494 4.8330780 2.9170425 3.9795987 4.1744943 4.1671408 3.6066857 3.4356175 5.6761598 
Balneola_sp.                                                                                                                                                                                               1.1545236 1.2051330 1.2985735 1.2378529 1.3398615 0.6029441 1.1644883 1.2519133 1.2931147 1.2003660 1.2914296 1.2443936 0.5966074 0.2469500 0.6874446 1.2765980 0.3658743 1.6777804 1.6643776 0.7841810 1.6398604 1.6476244 1.7165153 0.0000000 1.4027302 1.2937159 1.4343295 1.4275807 1.5265450 1.5833054 1.3953884 1.4041864 1.3536400 1.7827869 1.5959985 2.0263484 1.8591281 1.9151424 1.8119769 1.6642985 2.1690129 2.1524749 2.1599526 1.5863436 1.5863436 1.3651278 1.4484374 1.4567790 1.5552625 1.5552625 1.5093968 1.5093968 1.4035402 1.8022376 1.9592629 5.2197375 1.3806011 1.5055289 1.4827545 1.4711620 1.3318914 1.5011584 1.5877454 1.5793777 1.5356513 1.6071544 1.5402037 1.5650987 1.5050724 1.4645842 1.5684511 1.4380855 1.4548635 1.5965564 1.5301911 1.8582055 1.7231086 1.4181236 1.4432735 1.4252235 2.1499819 1.8213846 1.6321706 1.6194943 1.9912718 1.9556850 1.9078913 2.0183479 2.1468502 1.4247755 1.6822929 1.4745676 1.9018838 1.8567489 2.1741519 2.2290579 1.2453973 2.2317885 2.1770516 2.0642673 3.4503511 3.4899701 2.7989767 2.0270224 2.4525635 3.4393246 2.0642673 2.6139242 3.4198212 3.9654414 2.0160134 1.4757309 3.5704176 4.1167084 3.6346015 4.9635444 2.2572407 4.0938640 3.0416194 3.6763057 3.9180268 3.1634758 4.0830634 2.8363106 2.9861328 3.6595508 4.6546111 2.1628901 4.0418171 3.9291173 3.7317801 3.1282183 2.9278533 5.2656178 
Suttonella_ornithocola                                                                                                                                                                                     1.3405540 1.3769481 1.3279675 1.2941960 1.3699221 1.4133466 1.3532496 1.4345804 1.3101802 1.3652157 1.4434399 1.2844450 1.4007042 1.4592025 1.3732263 1.2936638 1.3262206 1.5722265 1.5554323 1.5233458 1.5766200 1.5549501 1.5889278 1.4027302 0.0000000 1.5055265 1.5684335 1.4515253 1.7332357 1.7846153 0.3968328 0.3112575 1.5871679 1.8393408 1.5856544 2.0142609 1.8999897 2.0463092 2.0721117 1.8368659 2.1482546 2.1716764 1.9242579 1.4497639 1.4497639 1.4201663 1.4130004 1.4856149 1.5548810 1.5548810 1.4825311 1.4825311 1.4511089 1.8813537 1.7330258 5.1103013 1.5939793 1.8007014 1.5791457 1.5482076 1.4287691 1.7601173 1.6267353 1.6205757 1.5752182 1.6402179 1.5752182 1.6039916 1.5700340 1.5477682 1.6491582 1.5707886 1.7265934 1.7017078 1.6022384 2.0940890 1.8738382 1.5249669 1.6501849 1.6037284 2.3545437 1.8393498 1.3500631 1.8298100 2.1034322 2.0082468 1.9825983 2.0042791 2.1675041 1.5523487 1.8850008 1.4851048 2.1084375 2.0978302 2.2864122 2.2864122 1.1833956 1.9548776 2.1032689 2.3381287 3.3267506 3.3323578 3.0700412 2.1404470 2.6935483 3.8843449 2.3381287 2.8155410 3.6955696 3.8219062 1.9885344 1.5380723 3.6115676 4.3621372 3.8320583 4.6971767 2.1054311 4.0885206 3.0609293 3.8982989 3.8145818 3.6190946 4.1766232 3.2066058 3.3334374 4.0975090 5.1771052 2.2595888 3.9819774 4.2041930 3.4131493 2.9996547 2.9464440 5.6324085 
