43
Litorilinea_aerophila                                                       0.0000000 1.1328721 1.4500793 1.3615528 1.1863141 1.5009419 1.3019375 1.1536926 1.1760523 1.3282314 1.2729303 1.3540632 1.5357052 1.6501375 1.6094029 1.2217004 1.6349020 1.8061310 1.8408227 1.6748705 1.8336879 1.8972803 1.7603177 1.6261269 1.9200167 1.6759603 1.8059089 1.7361231 1.6941425 1.7477266 2.0693093 2.0294900 1.2587043 1.9611999 1.5781011 2.1537153 2.0264756 2.0957273 2.1211608 1.7827401 2.4438166 2.3420647 2.5905631 
Longibacter_salinarum                                                       1.1328721 0.0000000 1.0585094 1.0048669 0.7730703 1.6599791 1.0364482 0.9900882 0.7480183 1.0206742 1.0404552 1.0900179 1.6003782 1.7974891 1.7013965 1.1325020 1.7080100 2.1824663 2.2537698 1.8143029 2.1056099 2.1337578 2.2058562 1.6962074 1.9786666 1.5677186 1.8604068 1.6518859 1.7770986 1.7466630 1.9223384 1.8621976 1.6258252 2.0377163 1.9470634 2.4198107 2.3728024 2.4070279 2.5029540 2.2148736 2.6514513 2.8798449 2.7238778 
Aliifodinibius_halophilus                                                   1.4500793 1.0585094 0.0000000 0.5330744 1.1828286 1.7970271 1.1843171 1.0993592 1.2650185 1.2239423 1.1980216 0.5928134 1.7821243 1.8954852 1.6245358 1.2594537 1.8022301 2.3246872 2.4110435 1.7995889 2.5161860 2.3640853 2.5454390 1.8478127 1.8875093 1.9150274 2.1280392 2.0994132 2.0479657 2.0993839 2.0299947 1.8507501 1.9533265 2.3135482 2.0582125 2.9586273 2.7589586 2.8817578 2.6089878 2.6850325 2.9368330 3.1062004 3.0801988 
Balneolaceae_bacterium_YR4-1                                                1.3615528 1.0048669 0.5330744 0.0000000 1.2133671 1.6659265 1.1348948 0.9586474 1.0939167 1.1099335 1.1558213 0.4924010 1.6061259 1.8150224 1.5339680 1.1683052 1.7698327 2.1888402 2.2870202 1.9322847 2.3831860 2.3479957 2.3147066 1.7514244 1.8441372 1.8401495 2.0253964 1.9829338 1.9412969 1.9715005 1.9127946 1.7868767 1.9302069 2.2255574 2.0326905 2.8623577 2.6415710 2.7367366 2.6572468 2.6034270 2.9056775 3.1340069 3.0224828 
Longimonas_halophila                                                        1.1863141 0.7730703 1.1828286 1.2133671 0.0000000 1.9624037 1.0742896 1.0391083 0.9556609 1.0647309 1.0299647 1.2287607 1.9003689 1.9701694 1.8424006 1.0667487 1.8682881 2.1015577 2.1761687 1.9367879 2.2895903 2.1669031 2.2558199 1.9301442 1.9678096 1.6836320 1.8509992 1.9742449 1.8330616 1.9117860 2.0935268 1.9308157 1.7588280 2.1839862 2.1375576 2.7225265 2.5140576 2.7495095 2.5217656 1.9645296 2.7661405 2.8434188 2.9367264 
Rhodohalobacter_barkolensis                                                 1.5009419 1.6599791 1.7970271 1.6659265 1.9624037 0.0000000 1.7076416 1.7082468 1.8048118 1.7352139 1.8314828 1.7269190 0.4732249 0.7900753 0.7007376 1.8351357 0.8128897 2.3775837 2.3981211 1.0542325 2.4599617 2.3315486 2.4952723 0.7765586 2.0273266 1.9680262 2.1642059 2.1072430 2.1719538 2.2273698 2.0476377 1.9963786 1.9259527 2.4731438 2.3502744 3.0026516 2.7888992 2.8260556 2.8446812 2.4525480 3.2519591 3.2014932 3.2130373 
Rubrivirga_sp._SAORIC476                                                    1.3019375 1.0364482 1.1843171 1.1348948 1.0742896 1.7076416 0.0000000 0.9642201 0.8252923 0.5641343 1.0612395 1.0852245 1.6115409 1.7020908 1.6904993 1.0413642 1.6605083 2.1237628 2.1715186 1.9061502 2.2363369 2.1818218 2.1938301 1.6258530 1.9333141 1.5600745 1.7773346 1.6047583 1.9102289 1.9273119 1.8825291 1.7923713 1.7659180 2.0094158 1.9938130 2.7129014 2.7411982 2.6426725 2.4960112 2.1464770 2.7023517 2.8110867 2.8521961 
Caldilinea_aerophila_strain_DSM_14535_/_JCM_11387_/_NBRC_104270_/_STL-6-O1_ 1.1536926 0.9900882 1.0993592 0.9586474 1.0391083 1.7082468 0.9642201 0.0000000 0.9023574 1.0570308 1.2278692 1.0434756 1.6244253 1.7761742 1.7010201 1.0759626 1.7826872 2.2027084 2.2183891 1.8635443 2.3723581 2.2466671 2.3840788 1.7658808 2.0712304 1.7592566 1.8709554 1.8436409 1.9278391 1.9699541 2.1924343 2.1381298 1.7508655 2.1520004 1.8936982 2.5770051 2.5005042 2.5600300 2.3312232 2.1264559 2.7496568 2.8308706 2.8206961 
Rhodothermaceae_bacterium_RA                                                1.1760523 0.7480183 1.2650185 1.0939167 0.9556609 1.8048118 0.8252923 0.9023574 0.0000000 0.8463415 0.9274766 1.1687241 1.7085895 1.8681352 1.7322714 0.7942495 1.8694263 2.2381108 2.3219052 1.9380850 2.3726751 2.3855764 2.3295231 1.8436373 1.8716606 1.6260124 1.9825833 1.8687887 1.9105444 1.9922842 1.9829078 1.9494194 1.6613544 2.2151503 2.1252587 2.7390853 2.6794646 2.5922026 2.6500085 2.0672392 2.9480928 2.9114061 2.8865377 
Rubricoccus_marinus                                                         1.3282314 1.0206742 1.2239423 1.1099335 1.0647309 1.7352139 0.5641343 1.0570308 0.8463415 0.0000000 1.1024375 1.1625489 1.7279901 1.7168105 1.6339562 1.0810235 1.7152518 2.2372868 2.3397812 1.8047836 2.3899551 2.3199314 2.2947502 1.6976391 1.9547807 1.6760441 1.8244519 1.8064913 1.9288554 1.9054726 2.0144107 1.9715754 1.8230713 2.0836082 2.0195618 2.6743376 2.6553816 2.6416462 2.5764880 2.2229368 2.7353709 2.8878166 2.7995611 
Salinibacter_sp._10B                                                        1.2729303 1.0404552 1.1980216 1.1558213 1.0299647 1.8314828 1.0612395 1.2278692 0.9274766 1.1024375 0.0000000 1.2143109 1.7743148 1.8913272 1.6588600 1.0381514 1.7680786 2.2206711 2.2482492 1.9139591 2.3237079 2.2326302 2.3507409 1.8570927 2.0871109 1.8826458 1.9887347 1.9355043 1.9064273 1.9801110 2.0974549 2.0183917 1.6793167 2.2542649 2.0123068 2.5310441 2.4938687 2.5352343 2.6851917 2.2204776 2.8110222 2.8236395 2.8747971 
Aliifodinibius_roseus                                                       1.3540632 1.0900179 0.5928134 0.4924010 1.2287607 1.7269190 1.0852245 1.0434756 1.1687241 1.1625489 1.2143109 0.0000000 1.7271765 1.7061328 1.6557853 1.2480193 1.6827579 2.2940795 2.5405200 1.9038030 2.7081257 2.4630582 2.6519391 1.7524731 1.8202344 1.8116746 2.0638850 1.8904469 1.7623948 2.0189797 2.0310041 1.7887893 1.8158795 2.4734068 2.1359963 3.0748161 2.7854099 2.7553377 2.8480856 2.5491391 3.0262519 3.0737146 2.8935214 
Rhodohalobacter_mucosus                                                     1.5357052 1.6003782 1.7821243 1.6061259 1.9003689 0.4732249 1.6115409 1.6244253 1.7085895 1.7279901 1.7743148 1.7271765 0.0000000 0.7824474 0.6751473 1.7011715 0.7982833 2.3579231 2.5493490 0.9905995 2.6639238 2.4524036 2.6174124 0.7682449 2.0104626 1.9636809 2.1179428 1.9870106 2.1428590 2.2374731 2.0207375 2.1091023 1.9971108 2.4488501 2.1894307 2.8774411 2.8041690 2.7853647 2.8071724 2.4687964 3.1996290 3.1828303 3.3014574 
Balneola_sp._EhC07                                                          1.6501375 1.7974891 1.8954852 1.8150224 1.9701694 0.7900753 1.7020908 1.7761742 1.8681352 1.7168105 1.8913272 1.7061328 0.7824474 0.0000000 0.9219800 1.7866875 0.4605134 2.5276247 2.5575507 1.0472295 2.4976780 2.4946570 2.5531751 0.2907129 2.1113928 1.9506736 2.0773966 2.0149327 2.1573225 2.1837466 2.2028907 2.1918639 2.0675153 2.6220594 2.4849981 2.9410695 2.7322084 2.8095646 2.7416362 2.3829630 3.1685557 3.2525823 3.2386091 
Rhodohalobacter_sp._SW132                                                   1.6094029 1.7013965 1.6245358 1.5339680 1.8424006 0.7007376 1.6904993 1.7010201 1.7322714 1.6339562 1.6588600 1.6557853 0.6751473 0.9219800 0.0000000 1.6596409 0.8751617 2.4988301 2.4764060 1.0939797 2.5250402 2.4892528 2.4952383 0.9033904 1.9730467 1.8997941 2.0545370 1.9683170 2.1241184 2.0566569 2.0586212 2.0292183 2.0192235 2.2622211 2.2530535 2.9613113 2.8293613 2.8200156 2.7908464 2.6287994 3.1625707 3.1069340 3.2122554 
bacterium_HR18                                                              1.2217004 1.1325020 1.2594537 1.1683052 1.0667487 1.8351357 1.0413642 1.0759626 0.7942495 1.0810235 1.0381514 1.2480193 1.7011715 1.7866875 1.6596409 0.0000000 1.7032191 2.1513564 2.2206458 1.9113092 2.2720644 2.2092878 2.2067978 1.8131942 1.8322249 1.7634526 1.9165675 1.9291883 1.9798566 2.1085892 2.0130385 1.9390590 1.7015583 2.2205448 2.1087975 2.6607490 2.7625810 2.6310048 2.5907991 2.1226912 2.7108355 2.7080230 2.6022759 
Gracilimonas_mengyeensis                                                    1.6349020 1.7080100 1.8022301 1.7698327 1.8682881 0.8128897 1.6605083 1.7826872 1.8694263 1.7152518 1.7680786 1.6827579 0.7982833 0.4605134 0.8751617 1.7032191 0.0000000 2.5870927 2.5708112 1.1531294 2.5666417 2.5210917 2.6246707 0.4469094 1.8983232 1.8887731 2.1317442 2.0456943 2.1545856 2.1750654 2.1482722 1.9648166 1.8690166 2.5859067 2.2812889 2.8774517 2.7122017 2.7606604 2.8462686 2.5529187 3.1724412 3.2020101 3.2383837 
Dictyostelium_purpureum                                                     1.8061310 2.1824663 2.3246872 2.1888402 2.1015577 2.3775837 2.1237628 2.2027084 2.2381108 2.2372868 2.2206711 2.2940795 2.3579231 2.5276247 2.4988301 2.1513564 2.5870927 0.0000000 0.5378750 2.5905094 0.7048760 0.2382777 0.6578455 2.4593520 2.2696945 2.3660062 2.5752770 2.5248073 2.4719188 2.7474673 2.2843726 2.2923593 2.0051209 2.9845904 2.6546976 3.2475064 2.9329284 2.6556600 2.7851520 2.2982613 3.1632006 3.0040339 2.9653977 
Tieghemostelium_lacteum                                                     1.8408227 2.2537698 2.4110435 2.2870202 2.1761687 2.3981211 2.1715186 2.2183891 2.3219052 2.3397812 2.2482492 2.5405200 2.5493490 2.5575507 2.4764060 2.2206458 2.5708112 0.5378750 0.0000000 2.5922114 0.7938612 0.5393728 0.7311744 2.4338306 2.2467187 2.4071568 2.5881180 2.6524699 2.3615973 2.6782190 2.3410572 2.3442371 2.0249023 2.9493655 2.8204389 3.4437206 2.9717987 2.7375350 2.8252587 2.3304511 3.3543981 2.8871032 3.3981783 
Candidatus_Cyclonatronum_proteinivorum                                      1.6748705 1.8143029 1.7995889 1.9322847 1.9367879 1.0542325 1.9061502 1.8635443 1.9380850 1.8047836 1.9139591 1.9038030 0.9905995 1.0472295 1.0939797 1.9113092 1.1531294 2.5905094 2.5922114 0.0000000 2.5209894 2.5863061 2.6217580 1.0510764 2.2082597 1.9055837 1.9921070 1.9650714 2.1906254 2.3849537 2.1217669 2.1693537 2.1712055 2.6764307 2.4322055 3.3228875 3.1464218 3.1644323 3.0466410 2.5193309 3.2801313 3.3304109 3.4071417 
Cavenderia_fasciculata_strain_SH3_                                          1.8336879 2.1056099 2.5161860 2.3831860 2.2895903 2.4599617 2.2363369 2.3723581 2.3726751 2.3899551 2.3237079 2.7081257 2.6639238 2.4976780 2.5250402 2.2720644 2.5666417 0.7048760 0.7938612 2.5209894 0.0000000 0.7929467 0.6928923 2.3912908 2.2890729 2.5143991 2.7077702 2.6430942 2.3550904 2.7978041 2.4845699 2.4067162 2.0619762 2.9981839 2.9774557 3.6893275 3.0904558 2.7759580 2.7487284 2.1016095 3.3353901 3.0183197 3.5574216 
Dictyostelium_discoideum                                                    1.8972803 2.1337578 2.3640853 2.3479957 2.1669031 2.3315486 2.1818218 2.2466671 2.3855764 2.3199314 2.2326302 2.4630582 2.4524036 2.4946570 2.4892528 2.2092878 2.5210917 0.2382777 0.5393728 2.5863061 0.7929467 0.0000000 0.7349160 2.3991383 2.2442943 2.3740415 2.6287903 2.5125830 2.4604959 2.7251210 2.3504261 2.3206685 2.0274471 3.1603111 2.6947484 3.2595204 2.8809919 2.5361008 2.7672656 2.2513288 3.2570418 3.0145390 3.2842247 
Polysphondylium_pallidum_strain_ATCC_26659_/_Pp_5_/_PN500_                  1.7603177 2.2058562 2.5454390 2.3147066 2.2558199 2.4952723 2.1938301 2.3840788 2.3295231 2.2947502 2.3507409 2.6519391 2.6174124 2.5531751 2.4952383 2.2067978 2.6246707 0.6578455 0.7311744 2.6217580 0.6928923 0.7349160 0.0000000 2.5150711 2.3020212 2.4268533 2.6896913 2.5426074 2.4331771 2.7922305 2.3869553 2.2944023 2.0721657 3.1865607 2.9081819 3.5299697 3.0461173 2.7208642 2.8168955 2.1367852 3.4073433 3.0471386 3.2794939 
Balneola_sp.                                                                1.6261269 1.6962074 1.8478127 1.7514244 1.9301442 0.7765586 1.6258530 1.7658808 1.8436373 1.6976391 1.8570927 1.7524731 0.7682449 0.2907129 0.9033904 1.8131942 0.4469094 2.4593520 2.4338306 1.0510764 2.3912908 2.3991383 2.5150711 0.0000000 2.0129727 1.8459169 2.0720258 2.0571588 2.2133616 2.3023666 2.0099408 2.0224863 1.9363590 2.6543049 2.3360235 3.0281984 2.7447575 2.8466977 2.6800769 2.4251746 3.2652572 3.2292160 3.2806307 
Suttonella_ornithocola                                                      1.9200167 1.9786666 1.8875093 1.8441372 1.9678096 2.0273266 1.9333141 2.0712304 1.8716606 1.9547807 2.0871109 1.8202344 2.0104626 2.1113928 1.9730467 1.8322249 1.8983232 2.2696945 2.2467187 2.2082597 2.2890729 2.2442943 2.3020212 2.0129727 0.0000000 2.1899391 2.2763534 2.0986202 2.5605296 2.6486417 0.4927626 0.3762180 2.3283925 2.7364947 2.3128596 3.0162516 2.8281358 3.0691754 3.1040212 2.7172746 3.2576800 3.2883833 2.8628923 
bacterium_SCGC_AG-212-C10                                                   1.6759603 1.5677186 1.9150274 1.8401495 1.6836320 1.9680262 1.5600745 1.7592566 1.6260124 1.6760441 1.8826458 1.8116746 1.9636809 1.9506736 1.8997941 1.7634526 1.8887731 2.3660062 2.4071568 1.9055837 2.5143991 2.3740415 2.4268533 1.8459169 2.1899391 0.0000000 0.9171626 0.6363263 2.3963323 2.3577408 2.1258229 2.1611288 2.2486731 2.4723332 2.3022300 2.5861363 2.7592184 2.5769423 2.7318831 2.4319622 2.7372029 3.0013550 2.8042423 
Dehalococcoidia_bacterium                                                   1.8059089 1.8604068 2.1280392 2.0253964 1.8509992 2.1642059 1.7773346 1.8709554 1.9825833 1.8244519 1.9887347 2.0638850 2.1179428 2.0773966 2.0545370 1.9165675 2.1317442 2.5752770 2.5881180 1.9921070 2.7077702 2.6287903 2.6896913 2.0720258 2.2763534 0.9171626 0.0000000 1.0995392 2.3304940 2.4061084 2.3419335 2.2008340 2.1699244 2.7415381 2.6543126 2.9885664 2.9669035 2.8522755 2.9685891 2.3793651 3.2305495 3.2366212 2.8799237 
Chloroflexi_bacterium_strain_G233_                                          1.7361231 1.6518859 2.0994132 1.9829338 1.9742449 2.1072430 1.6047583 1.8436409 1.8687887 1.8064913 1.9355043 1.8904469 1.9870106 2.0149327 1.9683170 1.9291883 2.0456943 2.5248073 2.6524699 1.9650714 2.6430942 2.5125830 2.5426074 2.0571588 2.0986202 0.6363263 1.0995392 0.0000000 2.3560125 2.4349198 2.1053570 2.0267370 2.3169401 2.7786387 2.3135397 2.6567353 2.9041418 2.6596655 2.8732247 2.4786434 2.9305673 3.1828699 2.8329850 
Ostreococcus_lucimarinus_strain_CCE9901_                                    1.6941425 1.7770986 2.0479657 1.9412969 1.8330616 2.1719538 1.9102289 1.9278391 1.9105444 1.9288554 1.9064273 1.7623948 2.1428590 2.1573225 2.1241184 1.9798566 2.1545856 2.4719188 2.3615973 2.1906254 2.3550904 2.4604959 2.4331771 2.2133616 2.5605296 2.3963323 2.3304940 2.3560125 0.0000000 0.2558309 2.5173517 2.6954646 1.4508685 0.8861892 1.7298387 2.9874324 2.5189995 2.9741147 3.0351060 2.7527966 3.3768978 3.1492210 2.9473504 
Ostreococcus_tauri                                                          1.7477266 1.7466630 2.0993839 1.9715005 1.9117860 2.2273698 1.9273119 1.9699541 1.9922842 1.9054726 1.9801110 2.0189797 2.2374731 2.1837466 2.0566569 2.1085892 2.1750654 2.7474673 2.6782190 2.3849537 2.7978041 2.7251210 2.7922305 2.3023666 2.6486417 2.3577408 2.4061084 2.4349198 0.2558309 0.0000000 2.6575594 2.7740331 1.4306406 1.0316891 1.9734209 3.3415914 2.9185767 2.9984046 3.2148628 2.7043517 3.4855976 3.2657008 3.3842115 
Dichelobacter_nodosus_strain_VCS1703A_                                      2.0693093 1.9223384 2.0299947 1.9127946 2.0935268 2.0476377 1.8825291 2.1924343 1.9829078 2.0144107 2.0974549 2.0310041 2.0207375 2.2028907 2.0586212 2.0130385 2.1482722 2.2843726 2.3410572 2.1217669 2.4845699 2.3504261 2.3869553 2.0099408 0.4927626 2.1258229 2.3419335 2.1053570 2.5173517 2.6575594 0.0000000 0.4588475 2.2678772 2.8282774 2.4113749 3.1398835 3.0423299 3.2033017 3.1113200 2.7515609 3.2351277 3.2399866 2.9375594 
Suttonella_indologenes                                                      2.0294900 1.8621976 1.8507501 1.7868767 1.9308157 1.9963786 1.7923713 2.1381298 1.9494194 1.9715754 2.0183917 1.7887893 2.1091023 2.1918639 2.0292183 1.9390590 1.9648166 2.2923593 2.3442371 2.1693537 2.4067162 2.3206685 2.2944023 2.0224863 0.3762180 2.1611288 2.2008340 2.0267370 2.6954646 2.7740331 0.4588475 0.0000000 2.2598815 2.7097072 2.4587382 3.0334045 3.0659047 3.0795147 3.1421820 2.8094242 3.1842893 3.3778781 3.0816436 
Physcomitrium_patens                                                        1.2587043 1.6258252 1.9533265 1.9302069 1.7588280 1.9259527 1.7659180 1.7508655 1.6613544 1.8230713 1.6793167 1.8158795 1.9971108 2.0675153 2.0192235 1.7015583 1.8690166 2.0051209 2.0249023 2.1712055 2.0619762 2.0274471 2.0721657 1.9363590 2.3283925 2.2486731 2.1699244 2.3169401 1.4508685 1.4306406 2.2678772 2.2598815 0.0000000 1.6505396 1.5314929 2.4749657 2.4505464 2.5053289 2.6883111 2.4833916 2.7875526 2.8268563 2.8676410 
Bathycoccus_prasinos                                                        1.9611999 2.0377163 2.3135482 2.2255574 2.1839862 2.4731438 2.0094158 2.1520004 2.2151503 2.0836082 2.2542649 2.4734068 2.4488501 2.6220594 2.2622211 2.2205448 2.5859067 2.9845904 2.9493655 2.6764307 2.9981839 3.1603111 3.1865607 2.6543049 2.7364947 2.4723332 2.7415381 2.7786387 0.8861892 1.0316891 2.8282774 2.7097072 1.6505396 0.0000000 2.4596184 3.6561036 3.1676988 3.2847058 3.4716700 2.8281095 4.0658928 3.8312324 3.9587138 
Chloropicon_primus                                                          1.5781011 1.9470634 2.0582125 2.0326905 2.1375576 2.3502744 1.9938130 1.8936982 2.1252587 2.0195618 2.0123068 2.1359963 2.1894307 2.4849981 2.2530535 2.1087975 2.2812889 2.6546976 2.8204389 2.4322055 2.9774557 2.6947484 2.9081819 2.3360235 2.3128596 2.3022300 2.6543126 2.3135397 1.7298387 1.9734209 2.4113749 2.4587382 1.5314929 2.4596184 0.0000000 3.0151473 2.5108495 2.5820797 2.8844265 2.3776639 2.9309489 2.7321147 3.0479268 
Cyanidioschyzon_merolae_strain_10D_                                         2.1537153 2.4198107 2.9586273 2.8623577 2.7225265 3.0026516 2.7129014 2.5770051 2.7390853 2.6743376 2.5310441 3.0748161 2.8774411 2.9410695 2.9613113 2.6607490 2.8774517 3.2475064 3.4437206 3.3228875 3.6893275 3.2595204 3.5299697 3.0281984 3.0162516 2.5861363 2.9885664 2.6567353 2.9874324 3.3415914 3.1398835 3.0334045 2.4749657 3.6561036 3.0151473 0.0000000 1.6029923 0.1687391 2.8919542 2.3615945 3.3200249 2.7930498 3.4413105 
Galdieria_sulphuraria                                                       2.0264756 2.3728024 2.7589586 2.6415710 2.5140576 2.7888992 2.7411982 2.5005042 2.6794646 2.6553816 2.4938687 2.7854099 2.8041690 2.7322084 2.8293613 2.7625810 2.7122017 2.9329284 2.9717987 3.1464218 3.0904558 2.8809919 3.0461173 2.7447575 2.8281358 2.7592184 2.9669035 2.9041418 2.5189995 2.9185767 3.0423299 3.0659047 2.4505464 3.1676988 2.5108495 1.6029923 0.0000000 1.3451844 2.3493260 2.2148151 2.9336300 2.6476148 3.5735613 
Cyanidiococcus_yangmingshanensis                                            2.0957273 2.4070279 2.8817578 2.7367366 2.7495095 2.8260556 2.6426725 2.5600300 2.5922026 2.6416462 2.5352343 2.7553377 2.7853647 2.8095646 2.8200156 2.6310048 2.7606604 2.6556600 2.7375350 3.1644323 2.7759580 2.5361008 2.7208642 2.8466977 3.0691754 2.5769423 2.8522755 2.6596655 2.9741147 2.9984046 3.2033017 3.0795147 2.5053289 3.2847058 2.5820797 0.1687391 1.3451844 0.0000000 2.6780409 2.3983826 2.8470196 2.6891745 2.9606874 
Porphyridium_purpureum                                                      2.1211608 2.5029540 2.6089878 2.6572468 2.5217656 2.8446812 2.4960112 2.3312232 2.6500085 2.5764880 2.6851917 2.8480856 2.8071724 2.7416362 2.7908464 2.5907991 2.8462686 2.7851520 2.8252587 3.0466410 2.7487284 2.7672656 2.8168955 2.6800769 3.1040212 2.7318831 2.9685891 2.8732247 3.0351060 3.2148628 3.1113200 3.1421820 2.6883111 3.4716700 2.8844265 2.8919542 2.3493260 2.6780409 0.0000000 1.1037044 2.1083893 2.0896283 3.4612555 
Porphyra_umbilicalis                                                        1.7827401 2.2148736 2.6850325 2.6034270 1.9645296 2.4525480 2.1464770 2.1264559 2.0672392 2.2229368 2.2204776 2.5491391 2.4687964 2.3829630 2.6287994 2.1226912 2.5529187 2.2982613 2.3304511 2.5193309 2.1016095 2.2513288 2.1367852 2.4251746 2.7172746 2.4319622 2.3793651 2.4786434 2.7527966 2.7043517 2.7515609 2.8094242 2.4833916 2.8281095 2.3776639 2.3615945 2.2148151 2.3983826 1.1037044 0.0000000 1.7599994 1.6536977 2.7400244 
Gracilariopsis_chorda                                                       2.4438166 2.6514513 2.9368330 2.9056775 2.7661405 3.2519591 2.7023517 2.7496568 2.9480928 2.7353709 2.8110222 3.0262519 3.1996290 3.1685557 3.1625707 2.7108355 3.1724412 3.1632006 3.3543981 3.2801313 3.3353901 3.2570418 3.4073433 3.2652572 3.2576800 2.7372029 3.2305495 2.9305673 3.3768978 3.4855976 3.2351277 3.1842893 2.7875526 4.0658928 2.9309489 3.3200249 2.9336300 2.8470196 2.1083893 1.7599994 0.0000000 0.9373356 3.5986943 
Chondrus_crispus                                                            2.3420647 2.8798449 3.1062004 3.1340069 2.8434188 3.2014932 2.8110867 2.8308706 2.9114061 2.8878166 2.8236395 3.0737146 3.1828303 3.2525823 3.1069340 2.7080230 3.2020101 3.0040339 2.8871032 3.3304109 3.0183197 3.0145390 3.0471386 3.2292160 3.2883833 3.0013550 3.2366212 3.1828699 3.1492210 3.2657008 3.2399866 3.3778781 2.8268563 3.8312324 2.7321147 2.7930498 2.6476148 2.6891745 2.0896283 1.6536977 0.9373356 0.0000000 3.3180011 
Thecamonas_trahens_ATCC_50062                                               2.5905631 2.7238778 3.0801988 3.0224828 2.9367264 3.2130373 2.8521961 2.8206961 2.8865377 2.7995611 2.8747971 2.8935214 3.3014574 3.2386091 3.2122554 2.6022759 3.2383837 2.9653977 3.3981783 3.4071417 3.5574216 3.2842247 3.2794939 3.2806307 2.8628923 2.8042423 2.8799237 2.8329850 2.9473504 3.3842115 2.9375594 3.0816436 2.8676410 3.9587138 3.0479268 3.4413105 3.5735613 2.9606874 3.4612555 2.7400244 3.5986943 3.3180011 0.0000000 
